,FENIAN_STREET,CITY_QUAY,FITZWILLIAM_SQUARE_EAST,BROOKFIELD_ROAD,EMMET_ROAD,ROTHE_ABBEY,KING_STREET_NORTH,GREEK_STREET,WESTERN_WAY,CHARLEMONT_PLACE,PARKGATE_STREET,HIGH_STREET,HEUSTON_BRIDGE_(SOUTH),PORTOBELLO_HARBOUR,ECCLES_STREET_EAST,MERRION_SQUARE_EAST,SMITHFIELD,PORTOBELLO_ROAD,CUSTOM_HOUSE_QUAY,MERRION_SQUARE_WEST,HARDWICKE_PLACE,ST._STEPHEN'S_GREEN_EAST,MOLESWORTH_STREET,UPPER_SHERRARD_STREET,MOUNTJOY_SQUARE_WEST,LIME_STREET,EXCHEQUER_STREET,ORMOND_QUAY_UPPER,NEW_CENTRAL_BANK,DAME_STREET,PARNELL_SQUARE_NORTH,DEVERELL_PLACE,EARLSFORT_TERRACE,BOLTON_STREET,JAMES_STREET_EAST,ECCLES_STREET,CATHAL_BRUGHA_STREET,STRAND_STREET_GREAT,FITZWILLIAM_SQUARE_WEST,FOWNES_STREET_UPPER,HERBERT_STREET,PARNELL_STREET,ST._STEPHEN'S_GREEN_SOUTH,PEARSE_STREET,EXCISE_WALK,TALBOT_STREET,CUSTOM_HOUSE,GEORGES_QUAY,LEINSTER_STREET_SOUTH,WILTON_TERRACE,TOWNSEND_STREET,JERVIS_STREET,HEUSTON_STATION_(CENTRAL),SMITHFIELD_NORTH,KEVIN_STREET,NEWMAN_HOUSE,SANDWITH_STREET,MOUNT_STREET_LOWER,HANOVER_QUAY,CHRISTCHURCH_PLACE,SIR_PATRICK_DUN'S,GUILD_STREET,YORK_STREET_WEST,HARCOURT_TERRACE,YORK_STREET_EAST,ST_JAMES_HOSPITAL_(LUAS),CLONMEL_STREET,JOHN_STREET_WEST,JAMES_STREET,MARKET_STREET_SOUTH,MATER_HOSPITAL,CONVENTION_CENTRE,PRINCES_STREET_/_O'CONNELL_STREET,WOLFE_TONE_STREET,OLIVER_BOND_STREET,BARROW_STREET,HERBERT_PLACE,GRAND_CANAL_DOCK,DENMARK_STREET_GREAT,FRANCIS_STREET,NORTH_CIRCULAR_ROAD,THE_POINT,KILMAINHAM_LANE,BLESSINGTON_STREET,ROYAL_HOSPITAL,COLLINS_BARRACKS_MUSEUM,BLACKHALL_PLACE,KILMAINHAM_GAOL,HEUSTON_STATION_(CAR_PARK),BENSON_STREET,FREDERICK_STREET_SOUTH,SOUTH_DOCK_ROAD,ST._JAMES_HOSPITAL_(CENTRAL),HEUSTON_BRIDGE_(NORTH),MOUNT_BROWN,GRANTHAM_STREET,GRATTAN_STREET,HARDWICKE_STREET,HATCH_STREET,GOLDEN_LANE,CLARENDON_ROW
00:00:09,2,0,6,28,31,23,29,9,15,40,27,14,25,30,25,5,26,29,3,1,16,0,0,30,30,7,0,1,12,0,7,20,2,7,5,20,8,4,3,6,1,4,2,0,4,32,2,0,0,18,0,1,40,22,1,8,3,4,2,0,5,4,0,19,0,32,1,20,40,35,32,0,10,3,25,11,2,1,15,19,21,8,19,20,35,34,29,31,32,4,0,29,40,31,22,28,7,5,3,0,3
00:02:09,2,0,6,28,31,23,29,9,15,40,27,14,25,30,25,5,26,29,3,1,16,0,0,30,30,7,0,1,12,0,7,20,2,7,5,20,8,4,3,6,1,4,2,0,4,32,2,0,0,18,0,1,40,22,1,8,3,4,2,0,5,4,0,19,0,32,1,20,40,35,32,0,10,3,25,11,2,1,15,19,21,8,19,20,35,34,29,31,32,4,0,29,40,31,22,28,7,5,3,0,3
00:04:08,2,0,6,28,31,23,29,9,15,40,27,14,25,30,25,5,26,29,3,1,16,0,0,30,30,7,0,1,12,0,7,20,2,7,5,20,8,4,3,6,1,4,2,0,4,32,2,0,0,18,0,1,40,22,1,8,3,4,2,0,5,4,0,19,0,32,1,20,40,35,32,0,10,3,25,11,2,1,15,19,21,8,19,20,35,34,29,31,32,4,0,29,40,31,22,28,7,5,3,0,3
00:06:09,2,0,6,28,31,23,29,9,15,40,27,14,25,30,25,5,26,29,3,1,16,0,0,30,30,7,0,1,12,0,7,20,2,7,5,20,8,4,3,6,1,4,2,0,4,32,2,0,0,18,0,1,40,22,1,8,3,4,2,0,5,4,0,19,0,32,1,20,40,35,32,0,10,3,25,11,2,1,15,19,21,8,19,20,35,34,29,31,32,4,0,29,40,31,22,28,7,5,3,0,3
00:08:09,2,0,6,28,31,23,29,9,15,40,27,14,25,30,25,5,27,29,3,1,16,0,0,30,30,7,0,1,12,0,7,20,2,7,5,20,8,4,3,6,1,4,2,0,4,32,2,0,0,18,0,1,40,22,1,8,3,4,2,0,5,4,0,19,0,32,1,20,40,35,32,0,10,3,25,11,2,1,15,19,21,8,19,20,35,34,29,31,32,4,0,29,40,31,22,28,7,5,3,0,3
00:10:08,2,0,6,28,31,23,29,9,15,40,27,14,25,30,25,5,27,29,3,1,16,0,0,30,30,7,0,1,12,0,7,20,2,7,5,20,8,4,3,6,1,4,2,0,4,32,2,0,0,18,0,1,40,22,1,8,3,4,2,0,5,4,0,19,0,32,1,20,40,35,32,0,10,3,25,11,2,1,15,19,21,8,19,20,35,34,29,31,32,4,0,29,40,31,22,28,7,5,3,0,3
00:12:08,2,0,6,28,31,23,29,9,15,40,27,14,25,30,25,5,27,29,3,1,16,0,0,30,30,7,0,1,12,0,7,20,2,7,5,20,8,4,3,6,1,4,2,0,4,32,2,0,0,18,0,1,40,22,1,8,3,4,2,0,5,4,0,19,0,32,1,20,40,35,32,0,10,3,25,11,2,1,15,19,21,8,19,20,35,34,29,31,32,4,0,29,40,31,22,28,7,5,3,0,3
00:14:09,2,0,6,28,31,23,29,9,15,40,27,14,25,30,25,5,27,29,3,1,16,0,0,30,30,7,0,1,12,0,7,20,2,7,5,20,8,4,3,6,1,4,2,0,4,32,2,0,0,18,0,1,40,22,1,8,3,4,2,0,5,4,0,19,0,32,1,20,40,35,32,0,10,3,25,11,2,1,15,19,21,8,19,20,35,34,29,31,32,4,0,29,40,31,22,28,7,5,3,0,3
00:16:09,2,0,6,28,31,23,29,9,15,40,27,14,25,30,25,5,27,29,3,1,16,0,0,30,30,7,0,1,12,0,7,20,2,7,5,20,8,4,3,6,1,4,2,0,4,32,2,0,0,18,0,1,40,22,1,8,3,4,2,0,5,4,0,19,0,32,1,20,40,35,32,0,10,3,25,11,2,1,15,19,21,8,19,20,35,34,29,31,32,4,0,29,40,31,22,28,7,5,3,0,3
00:18:09,2,0,6,28,31,23,29,9,15,40,27,14,25,30,25,5,27,29,3,1,16,0,0,30,30,7,0,1,12,0,7,20,2,7,5,20,8,4,3,6,1,4,2,0,4,32,2,0,0,18,0,1,40,22,1,8,3,4,2,0,5,4,0,19,0,32,1,20,40,35,32,0,10,3,25,11,2,1,15,19,21,8,19,20,35,34,29,31,32,4,0,29,40,31,22,28,7,5,3,0,3
00:20:08,2,0,6,28,31,23,29,9,15,40,27,14,25,30,25,5,27,29,3,1,16,0,0,30,30,7,0,1,12,0,7,20,2,7,5,20,8,4,3,6,1,4,2,0,4,32,2,0,0,18,0,1,40,22,1,8,3,4,2,0,5,4,0,19,0,32,1,20,40,35,32,0,10,3,25,11,2,1,15,19,21,8,19,20,35,34,29,31,32,4,0,29,40,31,22,28,7,5,3,0,3
00:22:09,2,0,6,28,31,23,29,9,15,40,27,14,25,30,25,5,27,29,3,1,16,0,0,30,30,7,0,1,12,0,7,20,2,7,5,20,8,4,3,6,1,4,2,0,4,32,2,0,0,18,0,1,40,22,1,8,3,4,2,0,5,4,0,19,0,32,1,20,40,35,32,0,10,3,25,11,2,1,15,19,21,8,19,20,35,34,29,31,32,4,0,29,40,31,22,28,7,5,3,0,3
00:24:09,2,0,6,28,31,23,29,9,15,40,27,14,25,30,25,5,27,29,3,1,16,0,0,30,30,7,0,1,12,0,7,20,2,7,5,20,8,4,3,6,1,4,2,0,4,32,2,0,0,18,0,1,40,22,1,8,3,4,2,0,5,4,0,19,0,32,1,20,40,35,32,0,10,3,25,11,2,1,15,19,21,8,19,20,35,34,29,31,32,4,0,29,40,31,22,28,7,5,3,0,3
00:26:09,2,0,6,28,31,23,29,9,15,40,27,14,25,30,25,5,27,29,3,1,16,0,0,30,30,7,0,1,12,0,7,20,2,7,5,20,8,4,3,6,1,4,2,0,4,32,2,0,0,18,0,1,40,22,1,8,3,4,2,0,5,4,0,19,0,32,1,20,40,35,32,0,10,3,25,11,2,1,15,19,21,8,19,20,35,34,29,31,32,4,0,29,40,31,22,28,7,5,3,0,3
00:28:08,2,0,6,28,31,23,29,9,15,40,27,14,25,30,25,5,27,29,3,1,16,0,0,30,30,7,0,1,12,0,7,20,2,7,5,20,8,4,3,6,1,4,2,0,4,32,2,0,0,18,0,1,40,22,1,8,3,4,2,0,5,4,0,19,0,32,1,20,40,35,32,0,10,3,25,11,2,1,15,19,21,8,19,20,35,34,29,31,32,4,0,29,40,31,22,28,7,5,3,0,3
00:30:08,2,0,6,28,31,23,29,9,15,40,27,14,25,30,25,5,27,29,3,1,16,0,0,30,30,7,0,1,12,0,7,20,2,7,5,20,8,4,3,6,1,4,2,0,4,32,2,0,0,18,0,1,40,22,1,8,3,4,2,0,5,4,0,19,0,32,1,20,40,35,32,0,10,3,25,11,2,1,15,19,21,8,19,20,35,34,29,31,32,4,0,29,40,31,22,28,7,5,3,0,3
00:32:09,2,0,6,28,31,23,29,9,15,40,27,14,25,30,25,5,27,29,3,1,16,0,0,30,30,7,0,1,12,0,7,20,2,7,5,20,8,4,3,6,1,4,2,0,4,32,2,0,0,18,0,1,40,22,1,8,3,4,2,0,5,4,0,19,0,32,1,20,40,35,32,0,10,3,25,11,2,1,15,19,21,8,19,20,35,34,29,31,32,4,0,29,40,31,22,28,7,5,3,0,3
00:34:09,2,0,6,28,31,23,29,9,15,40,27,14,25,30,25,5,27,29,3,1,16,0,0,30,30,7,0,1,12,0,7,20,2,7,5,20,8,4,3,6,1,4,2,0,4,32,2,0,0,18,0,1,40,22,1,8,3,4,2,0,5,4,0,19,0,32,1,20,40,35,32,0,10,3,25,11,2,1,15,19,21,8,19,20,35,34,29,31,32,4,0,29,40,31,22,28,7,5,3,0,3
00:36:09,2,0,6,28,31,23,29,9,15,40,27,14,25,30,25,5,27,29,3,1,16,0,0,30,30,7,0,1,12,0,7,20,2,7,5,20,8,4,3,6,1,4,2,0,4,32,2,0,0,18,0,1,40,22,1,8,3,4,2,0,5,4,0,19,0,32,1,20,40,35,32,0,10,3,25,11,2,1,15,19,21,8,19,20,35,34,29,31,32,4,0,29,40,31,22,28,7,5,3,0,3
00:38:08,2,0,6,28,31,23,29,9,15,40,27,14,25,30,25,5,27,29,3,1,16,0,0,30,30,7,0,1,12,0,7,20,2,7,5,20,8,4,3,6,1,4,2,0,4,32,2,0,0,18,0,1,40,22,1,8,3,4,2,0,5,4,0,19,0,32,1,20,40,35,32,0,10,3,25,11,2,3,15,19,21,8,19,20,35,34,29,31,32,4,0,29,40,31,22,28,7,5,3,0,3
00:40:08,2,0,6,28,31,23,29,9,15,40,27,14,25,30,25,5,27,29,3,1,16,0,0,30,30,7,0,1,12,0,7,20,2,7,5,20,8,4,3,6,1,4,2,0,4,32,2,0,0,18,0,1,40,22,1,8,3,4,2,0,5,4,0,19,0,32,1,20,40,35,32,0,10,3,25,11,2,3,15,19,21,8,19,20,35,34,29,31,32,4,0,29,40,31,22,28,7,5,3,0,3
00:42:09,2,0,6,28,31,23,29,9,15,40,27,14,25,30,25,5,27,29,3,1,16,0,0,30,30,7,0,1,12,0,7,20,2,7,5,20,8,4,3,6,1,4,2,0,4,32,2,0,0,18,0,1,40,22,1,8,3,4,2,0,5,4,0,19,0,32,1,20,40,35,32,0,10,3,25,11,2,3,15,19,21,8,19,20,35,34,29,31,32,4,0,29,40,31,22,28,7,5,3,0,3
00:44:09,2,0,6,28,31,23,29,9,15,40,27,14,25,30,25,5,27,29,3,1,16,0,0,30,30,7,0,1,12,0,7,20,2,7,5,20,8,4,3,6,1,4,2,0,4,32,2,0,0,18,0,1,40,22,1,8,3,4,2,0,5,4,0,19,0,32,1,20,40,35,32,0,10,3,25,11,2,3,15,19,21,8,19,20,35,34,29,31,32,4,0,29,40,31,22,28,7,5,3,0,3
00:46:08,2,0,6,28,31,23,29,9,15,40,27,14,25,30,25,5,27,29,3,1,16,0,0,30,30,7,0,1,12,0,7,20,2,7,5,20,8,4,3,6,1,4,2,0,4,32,2,0,0,18,0,1,40,22,1,8,3,4,2,0,5,4,0,19,0,32,1,20,40,35,32,0,10,3,25,11,2,3,15,19,21,8,19,20,35,34,29,31,32,4,0,29,40,31,22,28,7,5,3,0,3
00:48:08,2,0,6,28,31,23,29,9,15,40,27,14,25,30,25,5,27,29,3,1,16,0,0,30,30,7,0,1,12,0,7,20,2,7,5,20,8,4,3,6,1,4,2,0,4,32,2,0,0,18,0,1,40,22,1,8,3,4,2,0,5,4,0,19,0,32,1,20,40,35,32,0,10,3,25,11,2,3,15,19,21,8,19,20,35,34,29,31,32,4,0,29,40,31,22,28,7,5,3,0,3
00:50:09,2,0,6,28,31,23,29,9,15,40,27,14,25,30,25,5,27,29,3,1,16,0,0,30,30,7,0,1,12,0,7,20,2,7,5,20,8,4,3,6,1,4,2,0,4,32,2,0,0,18,0,1,40,22,1,8,3,4,2,0,5,4,0,19,0,32,1,20,40,35,32,0,10,3,25,11,2,3,15,19,21,8,19,20,35,34,29,31,32,4,0,29,40,31,22,28,7,5,3,0,3
00:52:09,2,0,6,28,31,23,29,9,15,40,27,14,25,30,25,5,27,29,3,1,16,0,0,30,30,7,0,1,12,0,7,20,2,7,5,20,8,4,3,6,1,4,2,0,4,32,2,0,0,18,0,1,40,22,1,8,3,4,2,0,5,4,0,19,0,32,1,20,40,35,32,0,10,3,25,11,2,3,15,19,21,8,19,20,35,34,29,31,32,4,0,29,40,31,22,28,7,5,3,0,3
00:54:08,2,0,6,28,31,23,29,9,15,40,27,14,25,30,25,5,27,29,3,1,16,0,0,30,30,7,0,1,12,0,7,20,2,7,5,20,8,4,3,6,1,4,2,0,4,32,2,0,0,18,0,1,40,22,1,8,3,4,2,0,5,4,0,19,0,32,1,20,40,35,32,0,10,3,25,11,2,3,15,19,21,8,19,20,35,34,29,31,32,4,0,29,40,31,22,28,7,5,3,0,3
00:56:09,2,0,6,28,31,23,29,9,15,40,27,14,25,30,25,5,27,29,3,1,16,0,0,30,30,7,0,1,12,0,7,20,2,7,5,20,8,4,3,6,1,4,2,0,4,32,2,0,0,18,0,1,40,22,1,8,3,4,2,0,5,4,0,19,0,32,1,20,40,35,32,0,10,3,25,11,2,3,15,19,21,8,19,20,35,34,29,31,32,4,0,29,40,31,22,28,7,5,3,0,3
00:58:09,2,0,6,28,31,23,29,9,15,40,27,14,25,30,25,5,27,29,3,1,16,0,0,30,30,7,0,1,12,0,7,20,2,7,5,20,8,4,3,6,1,4,2,0,4,32,2,0,0,18,0,1,40,22,1,8,3,4,2,0,5,4,0,19,0,32,1,20,40,35,32,0,10,3,25,11,2,3,15,19,21,8,19,20,35,34,29,31,32,4,0,29,40,31,22,28,7,5,3,0,3
01:00:17,2,0,6,28,31,23,29,9,15,40,27,14,25,30,25,5,27,29,3,1,16,0,0,30,30,7,0,1,12,0,7,20,2,7,5,20,8,4,3,6,1,4,2,0,4,32,2,0,0,18,0,1,40,22,1,8,3,4,2,0,5,4,0,19,0,32,1,20,40,35,32,0,10,3,25,11,2,3,15,19,21,8,19,20,35,34,29,31,32,4,0,29,40,31,22,28,7,5,3,0,3
01:02:08,2,0,6,28,31,23,29,9,15,40,27,14,25,30,25,5,27,29,3,1,16,0,0,30,30,7,0,1,12,0,7,20,2,7,5,20,8,4,3,6,1,4,2,0,4,32,2,0,0,18,0,1,40,22,1,8,3,4,2,0,5,4,0,19,0,32,1,20,40,35,32,0,10,3,25,11,2,3,15,19,21,8,19,20,35,34,29,31,32,4,0,29,40,31,22,28,7,5,3,0,3
01:04:09,2,0,6,28,31,23,29,9,15,40,27,14,25,30,25,5,27,29,3,1,16,0,0,30,30,7,0,1,12,0,7,20,2,7,5,20,8,4,3,6,1,4,2,0,4,32,2,0,0,18,0,1,40,22,1,8,3,4,2,0,5,4,0,19,0,32,1,20,40,35,32,0,10,3,25,11,2,3,15,19,21,8,19,20,35,34,29,31,32,4,0,29,40,31,22,28,7,5,3,0,3
01:06:09,2,0,6,28,31,23,29,9,15,40,27,14,25,30,25,5,27,29,3,1,16,0,0,30,30,7,0,1,12,0,7,20,2,7,5,20,8,4,3,6,1,4,2,0,4,32,2,0,0,18,0,1,40,22,1,8,3,4,2,0,5,4,0,19,0,32,1,20,40,35,32,0,10,3,25,11,2,3,15,19,21,8,19,20,35,34,29,31,32,4,0,29,40,31,22,28,7,5,3,0,3
01:08:09,2,0,6,28,31,23,29,9,15,40,27,14,25,30,25,5,27,29,3,1,16,0,0,30,30,7,0,1,12,0,7,20,2,7,5,20,8,4,3,6,1,4,2,0,4,32,2,0,0,18,0,1,40,22,1,8,3,4,2,0,5,4,0,19,0,32,1,20,40,35,32,0,10,3,25,11,2,3,15,19,21,8,19,20,35,34,29,31,32,4,0,29,40,31,22,28,7,5,3,0,3
01:10:08,2,0,6,28,31,23,29,9,15,40,27,14,25,30,25,5,27,29,3,1,16,0,0,30,30,7,0,1,12,0,7,20,2,7,5,20,8,4,3,6,1,4,2,0,4,32,2,0,0,18,0,1,40,22,1,8,3,4,2,0,5,4,0,19,0,32,1,20,40,35,32,0,10,3,25,11,2,3,15,19,21,8,19,20,35,34,29,31,32,4,0,29,40,31,22,28,7,5,3,0,3
01:12:08,2,0,6,28,31,23,29,9,15,40,27,14,25,30,25,5,27,29,3,1,16,0,0,30,30,7,0,1,12,0,7,20,2,7,5,20,8,4,3,6,1,4,2,0,4,32,2,0,0,18,0,1,40,22,1,8,3,4,2,0,5,4,0,19,0,32,1,20,40,35,32,0,10,3,25,11,2,3,15,19,21,8,19,20,35,34,29,31,32,4,0,29,40,31,22,28,7,5,3,0,3
01:14:09,2,0,6,28,31,23,29,9,15,40,27,14,25,30,25,5,27,29,3,1,16,0,0,30,30,7,0,1,12,0,7,20,2,7,5,20,8,4,3,6,1,4,2,0,4,32,2,0,0,18,0,1,40,22,1,8,3,4,2,0,5,4,0,19,0,32,1,20,40,35,32,0,10,3,25,11,2,3,15,19,21,8,19,20,35,34,29,31,32,4,0,29,40,31,22,28,7,5,3,0,3
01:16:08,2,0,6,28,31,23,29,9,15,40,27,14,25,30,25,5,27,29,3,1,16,0,0,30,30,7,0,1,12,0,7,20,2,7,5,20,8,4,3,6,1,4,2,0,4,32,2,0,0,18,0,1,40,22,1,8,3,4,2,0,5,4,0,19,0,32,1,20,40,35,32,0,10,3,25,11,2,3,15,19,21,8,19,20,35,34,29,31,32,4,0,29,40,31,22,28,7,5,3,0,3
01:18:09,2,0,6,28,31,23,29,9,15,40,27,14,25,30,25,5,27,29,3,1,16,0,0,30,30,7,0,1,12,0,7,20,2,7,5,20,8,4,3,6,1,4,2,0,4,32,2,0,0,18,0,1,40,22,1,8,3,4,2,0,5,4,0,19,0,32,1,20,40,35,32,0,10,3,25,11,2,3,15,19,21,8,19,20,35,34,29,31,32,4,0,29,40,31,22,28,7,5,3,0,3
01:20:09,2,0,6,28,31,23,29,9,15,40,27,14,25,30,25,5,27,29,3,1,16,0,0,30,30,7,0,1,12,0,7,20,2,7,5,20,8,4,3,6,1,4,2,0,4,32,2,0,0,18,0,1,40,22,1,8,3,4,2,0,5,4,0,19,0,32,1,20,40,35,32,0,10,3,25,11,2,3,15,19,21,8,19,20,35,34,29,31,32,4,0,29,40,31,22,28,7,5,3,0,3
01:22:09,2,0,6,28,31,23,29,9,15,40,27,14,25,30,25,5,27,29,3,1,16,0,0,30,30,7,0,1,12,0,7,20,2,7,5,20,8,4,3,6,1,4,2,0,4,32,2,0,0,18,0,1,40,22,1,8,3,4,2,0,5,4,0,19,0,32,1,20,40,35,32,0,10,3,25,11,2,3,15,19,21,8,19,20,35,34,29,31,32,4,0,29,40,31,22,28,7,5,3,0,3
01:24:08,2,0,6,28,31,23,29,9,15,40,27,14,25,30,25,5,27,29,3,1,16,0,0,30,30,7,0,1,12,0,7,20,2,7,5,20,8,4,3,6,1,4,2,0,4,32,2,0,0,18,0,1,40,22,1,8,3,4,2,0,5,4,0,19,0,32,1,20,40,35,32,0,10,3,25,11,2,3,15,19,21,8,19,20,35,34,29,31,32,4,0,29,40,31,22,28,7,5,3,0,3
01:26:09,2,0,6,28,31,23,29,9,15,40,27,14,25,30,25,5,27,29,3,1,16,0,0,30,30,7,0,1,12,0,7,20,2,7,5,20,8,4,3,6,1,4,2,0,4,32,2,0,0,18,0,1,40,22,1,8,3,4,2,0,5,4,0,19,0,32,1,20,40,35,32,0,10,3,25,11,2,3,15,19,21,8,19,20,35,34,29,31,32,4,0,29,40,31,22,28,7,5,3,0,3
01:28:09,2,0,6,28,31,23,29,9,15,40,27,14,25,30,25,5,27,29,3,1,16,0,0,30,30,7,0,1,12,0,7,20,2,7,5,20,8,4,3,6,1,4,2,0,4,32,2,0,0,18,0,1,40,22,1,8,3,4,2,0,5,4,0,19,0,32,1,20,40,35,32,0,10,3,25,11,2,3,15,19,21,8,19,20,35,34,29,31,32,4,0,29,40,31,22,28,7,5,3,0,3
01:30:09,2,0,6,28,31,23,29,9,15,40,27,14,25,30,25,5,27,29,3,1,16,0,0,30,30,7,0,1,12,0,7,20,2,7,5,20,8,4,3,6,1,4,2,0,4,32,2,0,0,18,0,1,40,22,1,8,3,4,2,0,5,4,0,19,0,32,1,20,40,35,32,0,10,3,25,11,2,3,15,19,21,8,19,20,35,34,29,31,32,4,0,29,40,31,22,28,7,5,3,0,3
01:32:08,2,0,6,28,31,23,29,9,15,40,27,14,25,30,25,5,27,29,3,1,16,0,0,30,30,7,0,1,12,0,7,20,2,7,5,20,8,4,3,6,1,4,2,0,4,32,2,0,0,18,0,1,40,22,1,8,3,4,2,0,5,4,0,19,0,32,1,20,40,35,32,0,10,3,25,11,2,3,15,19,21,8,19,20,35,34,29,31,32,4,0,29,40,31,22,28,7,5,3,0,3
01:34:09,2,0,6,28,31,23,29,9,15,40,27,14,25,30,25,5,27,29,3,1,16,0,0,30,30,7,0,1,12,0,7,20,2,7,5,20,8,4,3,6,1,4,2,0,4,32,2,0,0,18,0,1,40,22,1,8,3,4,2,0,5,4,0,19,0,32,1,20,40,35,32,0,10,3,25,11,2,3,15,19,21,8,19,20,35,34,29,31,32,4,0,29,40,31,22,28,7,5,3,0,3
01:36:09,2,0,6,28,31,23,29,9,15,40,27,14,25,30,25,5,27,29,3,1,16,0,0,30,30,7,0,1,12,0,7,20,2,7,5,20,8,4,3,6,1,4,2,0,4,32,2,0,0,18,0,1,40,22,1,8,3,4,2,0,5,4,0,19,0,32,1,20,40,35,32,0,10,3,25,11,2,3,15,19,21,8,19,20,35,34,29,31,32,4,0,29,40,31,22,28,7,5,3,0,3
01:38:08,2,0,6,28,31,23,29,9,15,40,27,14,25,30,25,5,27,29,3,1,16,0,0,30,30,7,0,1,12,0,7,20,2,7,5,20,8,4,3,6,1,4,2,0,4,32,2,0,0,18,0,1,40,22,1,8,3,4,2,0,5,4,0,19,0,32,1,20,40,35,32,0,10,3,25,11,2,3,15,19,21,8,19,20,35,34,29,31,32,4,0,29,40,31,22,28,7,5,3,0,3
01:40:09,2,0,6,28,31,23,29,9,15,40,27,14,25,30,25,5,27,29,3,1,16,0,0,30,30,7,0,1,12,0,7,20,2,7,5,20,8,4,3,6,1,4,2,0,4,32,2,0,0,18,0,1,40,22,1,8,3,4,2,0,5,4,0,19,0,32,1,20,40,35,32,0,10,3,25,11,2,3,15,19,21,8,19,20,35,34,29,31,32,4,0,29,40,31,22,28,7,5,3,0,3
01:42:09,2,0,6,28,31,23,29,9,15,40,27,14,25,30,25,5,27,29,3,1,16,0,0,30,30,7,0,1,12,0,7,20,2,7,5,20,8,4,3,6,1,4,2,0,4,32,2,0,0,18,0,1,40,22,1,8,3,4,2,0,5,4,0,19,0,32,1,20,40,35,32,0,10,3,25,11,2,3,15,19,21,8,19,20,35,34,29,31,32,4,0,29,40,31,22,28,7,5,3,0,3
01:44:09,2,0,6,28,31,23,29,9,15,40,27,14,25,30,25,5,27,29,3,1,16,0,0,30,30,7,0,1,12,0,7,20,2,7,5,20,8,4,3,6,1,4,2,0,4,32,2,0,0,18,0,1,40,22,1,8,3,4,2,0,5,4,0,19,0,32,1,20,40,35,32,0,10,3,25,11,2,3,15,19,21,8,19,20,35,34,29,31,32,4,0,29,40,31,22,28,7,5,3,0,3
01:46:08,2,0,6,28,31,23,29,9,15,40,27,14,25,30,25,5,27,29,3,1,16,0,0,30,30,7,0,1,12,0,7,20,2,7,5,20,8,4,3,6,1,4,2,0,4,32,2,0,0,18,0,1,40,22,1,8,3,4,2,0,5,4,0,19,0,32,1,20,40,35,32,0,10,3,25,11,2,3,15,19,21,8,19,20,35,34,29,31,32,4,0,29,40,31,22,28,7,5,3,0,3
01:48:08,2,0,6,28,31,23,29,9,15,40,27,14,25,30,25,5,27,29,3,1,16,0,0,30,30,7,0,1,12,0,7,20,2,7,5,20,8,4,3,6,1,4,2,0,4,32,2,0,0,18,0,1,40,22,1,8,3,4,2,0,5,4,0,19,0,32,1,20,40,35,32,0,10,3,25,11,2,3,15,19,21,8,19,20,35,34,29,31,32,4,0,29,40,31,22,28,7,5,3,0,3
01:50:09,2,0,6,28,31,23,29,9,15,40,27,14,25,30,25,5,27,29,3,1,16,0,0,30,30,7,0,1,12,0,7,20,2,7,5,20,8,4,3,6,1,4,2,0,4,32,2,0,0,18,0,1,40,22,1,8,3,4,2,0,5,4,0,19,0,32,1,20,40,35,32,0,10,3,25,11,2,3,15,19,21,8,19,20,35,34,29,31,32,4,0,29,40,31,22,28,7,5,3,0,3
01:52:09,2,0,6,28,31,23,29,9,15,40,27,14,25,30,25,5,27,29,3,1,16,0,0,30,30,7,0,1,12,0,7,20,2,7,5,20,8,4,3,6,1,4,2,0,4,32,2,0,0,18,0,1,40,22,1,8,3,4,2,0,5,4,0,19,0,32,1,20,40,35,32,0,10,3,25,11,2,3,15,19,21,8,19,20,35,34,29,31,32,4,0,29,40,31,22,28,7,5,3,0,3
01:54:09,2,0,6,28,31,23,29,9,15,40,27,14,25,30,25,5,27,29,3,1,16,0,0,30,30,7,0,1,12,0,7,20,2,7,5,20,8,4,3,6,1,4,2,0,4,32,2,0,0,18,0,1,40,22,1,8,3,4,2,0,5,4,0,19,0,32,1,20,40,35,32,0,10,3,25,11,2,3,15,19,21,8,19,20,35,34,29,31,32,4,0,29,40,31,22,28,7,5,3,0,3
01:56:08,2,0,6,28,31,23,29,9,15,40,27,14,25,30,25,5,27,29,3,1,16,0,0,30,30,7,0,1,12,0,7,20,2,7,5,20,8,4,3,6,1,4,2,0,4,32,2,0,0,18,0,1,40,22,1,8,3,4,2,0,5,4,0,19,0,32,1,20,40,35,32,0,10,3,25,11,2,3,15,19,21,8,19,20,35,34,29,31,32,4,0,29,40,31,22,28,7,5,3,0,3
01:58:09,2,0,6,28,31,23,29,9,15,40,27,14,25,30,25,5,27,29,3,1,16,0,0,30,30,7,0,1,12,0,7,20,2,7,5,20,8,4,3,6,1,4,2,0,4,32,2,0,0,18,0,1,40,22,1,8,3,4,2,0,5,4,0,19,0,32,1,20,40,35,32,0,10,3,25,11,2,3,15,19,21,8,19,20,35,34,29,31,32,4,0,29,40,31,22,28,7,5,3,0,3
02:00:09,2,0,6,28,31,23,29,9,15,40,27,14,25,30,25,5,27,29,3,1,16,0,0,30,30,7,0,1,12,0,7,20,2,7,5,20,8,4,3,6,1,4,2,0,4,32,2,0,0,18,0,1,40,22,1,8,3,4,2,0,5,4,0,19,0,32,1,20,40,35,32,0,10,3,25,11,2,3,15,19,21,8,19,20,35,34,29,31,32,4,0,29,40,31,22,28,7,5,3,0,3
02:02:08,2,0,6,28,31,23,29,9,15,40,27,14,25,30,25,5,27,29,3,1,16,0,0,30,30,7,0,1,12,0,7,20,2,7,5,20,8,4,3,6,1,4,2,0,4,32,2,0,0,18,0,1,40,22,1,8,3,4,2,0,5,4,0,19,0,32,1,20,40,35,32,0,10,3,25,11,2,3,15,19,21,8,19,20,35,34,29,31,32,4,0,29,40,31,22,28,7,5,3,0,3
02:04:08,2,0,6,28,31,23,29,9,15,40,27,14,25,30,25,5,27,29,3,1,16,0,0,30,30,7,0,1,12,0,7,20,2,7,5,20,8,4,3,6,1,4,2,0,4,32,2,0,0,18,0,1,40,22,1,8,3,4,2,0,5,4,0,19,0,32,1,20,40,35,32,0,10,3,25,11,2,3,15,19,21,8,19,20,35,34,29,31,32,4,0,29,40,31,22,28,7,5,3,0,3
02:06:08,2,0,6,28,31,23,29,9,15,40,27,14,25,30,25,5,27,29,3,1,16,0,0,30,30,7,0,1,12,0,7,20,2,7,5,20,8,4,3,6,1,4,2,0,4,32,2,0,0,18,0,1,40,22,1,8,3,4,2,0,5,4,0,19,0,32,1,20,40,35,32,0,10,3,25,11,2,3,15,19,21,8,19,20,35,34,29,31,32,4,0,29,40,31,22,28,7,5,3,0,3
02:08:09,2,0,6,28,31,23,29,9,15,40,27,14,25,30,25,5,27,29,3,1,16,0,0,30,30,7,0,1,12,0,7,20,2,7,5,20,8,4,3,6,1,4,2,0,4,32,2,0,0,18,0,1,40,22,1,8,3,4,2,0,5,4,0,19,0,32,1,20,40,35,32,0,10,3,25,11,2,3,15,19,21,8,19,20,35,34,29,31,32,4,0,29,40,31,22,28,7,5,3,0,3
02:10:09,2,0,6,28,31,23,29,9,15,40,27,14,25,30,25,5,27,29,3,1,16,0,0,30,30,7,0,1,12,0,7,20,2,7,5,20,8,4,3,6,1,4,2,0,4,32,2,0,0,18,0,1,40,22,1,8,3,4,2,0,5,4,0,19,0,32,1,20,40,35,32,0,10,3,25,11,2,3,15,19,21,8,19,20,35,34,29,31,32,4,0,29,40,31,22,28,7,5,3,0,3
02:12:09,2,0,6,28,31,23,29,9,15,40,27,14,25,30,25,5,27,29,3,1,16,0,0,30,30,7,0,1,12,0,7,20,2,7,5,20,8,4,3,6,1,4,2,0,4,32,2,0,0,18,0,1,40,22,1,8,3,4,2,0,5,4,0,19,0,32,1,20,40,35,32,0,10,3,25,11,2,3,15,19,21,8,19,20,35,34,29,31,32,4,0,29,40,31,22,28,7,5,3,0,3
02:14:08,2,0,6,28,31,23,29,9,15,40,27,14,25,30,25,5,27,29,3,1,16,0,0,30,30,7,0,1,12,0,7,20,2,7,5,20,8,4,3,6,1,4,2,0,4,32,2,0,0,18,0,1,40,22,1,8,3,4,2,0,5,4,0,19,0,32,1,20,40,35,32,0,10,3,25,11,2,3,15,19,21,8,19,20,35,34,29,31,32,4,0,29,40,31,22,28,7,5,3,0,3
02:16:09,2,0,6,28,31,23,29,9,15,40,27,14,25,30,25,5,27,29,3,1,16,0,0,30,30,7,0,1,12,0,7,20,2,7,5,20,8,4,3,6,1,4,2,0,4,32,2,0,0,18,0,1,40,22,1,8,3,4,2,0,5,4,0,19,0,32,1,20,40,35,32,0,10,3,25,11,2,3,15,19,21,8,19,20,35,34,29,31,32,4,0,29,40,31,22,28,7,5,3,0,3
02:18:09,2,0,6,28,31,23,29,9,15,40,27,14,25,30,25,5,27,29,3,1,16,0,0,30,30,7,0,1,12,0,7,20,2,7,5,20,8,4,3,6,1,4,2,0,4,32,2,0,0,18,0,1,40,22,1,8,3,4,2,0,5,4,0,19,0,32,1,20,40,35,32,0,10,3,25,11,2,3,15,19,21,8,19,20,35,34,29,31,32,4,0,29,40,31,22,28,7,5,3,0,3
02:20:08,2,0,6,28,31,23,29,9,15,40,27,14,25,30,25,5,27,29,3,1,16,0,0,30,30,7,0,1,12,0,7,20,2,7,5,20,8,4,3,6,1,4,2,0,4,32,2,0,0,18,0,1,40,22,1,8,3,4,2,0,5,4,0,19,0,32,1,20,40,35,32,0,10,3,25,11,2,3,15,19,21,8,19,20,35,34,29,31,32,4,0,29,40,31,22,28,7,5,3,0,3
02:22:08,2,0,6,28,31,23,29,9,15,40,27,14,25,30,25,5,27,29,3,1,16,0,0,30,30,7,0,1,12,0,7,20,2,7,5,20,8,4,3,6,1,4,2,0,4,32,2,0,0,18,0,1,40,22,1,8,3,4,2,0,5,4,0,19,0,32,1,20,40,35,32,0,10,3,25,11,2,3,15,19,21,8,19,20,35,34,29,31,32,4,0,29,40,31,22,28,7,5,3,0,3
02:24:09,2,0,6,28,31,23,29,9,15,40,27,14,25,30,25,5,27,29,3,1,16,0,0,30,30,7,0,1,12,0,7,20,2,7,5,20,8,4,3,6,1,4,2,0,4,32,2,0,0,18,0,1,40,22,1,8,3,4,2,0,5,4,0,19,0,32,1,20,40,35,32,0,10,3,25,11,2,3,15,19,21,8,19,20,35,34,29,31,32,4,0,29,40,31,22,28,7,5,3,0,3
02:26:09,2,0,6,28,31,23,29,9,15,40,27,14,25,30,25,5,27,29,3,1,16,0,0,30,30,7,0,1,12,0,7,20,2,7,5,20,8,4,3,6,1,4,2,0,4,32,2,0,0,18,0,1,40,22,1,8,3,4,2,0,5,4,0,19,0,32,1,20,40,35,32,0,10,3,25,11,2,3,15,19,21,8,19,20,35,34,29,31,32,4,0,29,40,31,22,28,7,5,3,0,3
02:28:09,2,0,6,28,31,23,29,9,15,40,27,14,25,30,25,5,27,29,3,1,16,0,0,30,30,7,0,1,12,0,7,20,2,7,5,20,8,4,3,6,1,4,2,0,4,32,2,0,0,18,0,1,40,22,1,8,3,4,2,0,5,4,0,19,0,32,1,20,40,35,32,0,10,3,25,11,2,3,15,19,21,8,19,20,35,34,29,31,32,4,0,29,40,31,22,28,7,5,3,0,3
02:30:08,2,0,6,28,31,23,29,9,15,40,27,14,25,30,25,5,27,29,3,1,16,0,0,30,30,7,0,1,12,0,7,20,2,7,5,20,8,4,3,6,1,4,2,0,4,32,2,0,0,18,0,1,40,22,1,8,3,4,2,0,5,4,0,19,0,32,1,20,40,35,32,0,10,3,25,11,2,3,15,19,21,8,19,20,35,34,29,31,32,4,0,29,40,31,22,28,7,5,3,0,3
02:32:08,2,0,6,28,31,23,29,9,15,40,27,14,25,30,25,5,27,29,3,1,16,0,0,30,30,7,0,1,12,0,7,20,2,7,5,20,8,4,3,6,1,4,2,0,4,32,2,0,0,18,0,1,40,22,1,8,3,4,2,0,5,4,0,19,0,32,1,20,40,35,32,0,10,3,25,11,2,3,15,19,21,8,19,20,35,34,29,31,32,4,0,29,40,31,22,28,7,5,3,0,3
02:34:09,2,0,6,28,31,23,29,9,15,40,27,14,25,30,25,5,27,29,3,1,16,0,0,30,30,7,0,1,12,0,7,20,2,7,5,20,8,4,3,6,1,4,2,0,4,32,2,0,0,18,0,1,40,22,1,8,3,4,2,0,5,4,0,19,0,32,1,20,40,35,32,0,10,3,25,11,2,3,15,19,21,8,19,20,35,34,29,31,32,4,0,29,40,31,22,28,7,5,3,0,3
02:36:09,2,0,6,28,31,23,29,9,15,40,27,14,25,30,25,5,27,29,3,1,16,0,0,30,30,7,0,1,12,0,7,20,2,7,5,20,8,4,3,6,1,4,2,0,4,32,2,0,0,18,0,1,40,22,1,8,3,4,2,0,5,4,0,19,0,32,1,20,40,35,32,0,10,3,25,11,2,3,15,19,21,8,19,20,35,34,29,31,32,4,0,29,40,31,22,28,7,5,3,0,3
02:38:08,2,0,6,28,31,23,29,9,15,40,27,14,25,30,25,5,27,29,3,1,16,0,0,30,30,7,0,1,12,0,7,20,2,7,5,20,8,4,3,6,1,4,2,0,4,32,2,0,0,18,0,1,40,22,1,8,3,4,2,0,5,4,0,19,0,32,1,20,40,35,32,0,10,3,25,11,2,3,15,19,21,8,19,20,35,34,29,31,32,4,0,29,40,31,22,28,7,5,3,0,3
02:40:08,2,0,6,28,31,23,29,9,15,40,27,14,25,30,25,5,27,29,3,1,16,0,0,30,30,7,0,1,12,0,7,20,2,7,5,20,8,4,3,6,1,4,2,0,4,32,2,0,0,18,0,1,40,22,1,8,3,4,2,0,5,4,0,19,0,32,1,20,40,35,32,0,10,3,25,11,2,3,15,19,21,8,19,20,35,34,29,31,32,4,0,29,40,31,22,28,7,5,3,0,3
02:42:09,2,0,6,28,31,23,29,9,15,40,27,14,25,30,25,5,27,29,3,1,16,0,0,30,30,7,0,1,12,0,7,20,2,7,5,20,8,4,3,6,1,4,2,0,4,32,2,0,0,18,0,1,40,22,1,8,3,4,2,0,5,4,0,19,0,32,1,20,40,35,32,0,10,3,25,11,2,3,15,19,21,8,19,20,35,34,29,31,32,4,0,29,40,31,22,28,7,5,3,0,3
02:44:09,2,0,6,28,31,23,29,9,15,40,27,14,25,30,25,5,27,29,3,1,16,0,0,30,30,7,0,1,12,0,7,20,2,7,5,20,8,4,3,6,1,4,2,0,4,32,2,0,0,18,0,1,40,22,1,8,3,4,2,0,5,4,0,19,0,32,1,20,40,35,32,0,10,3,25,11,2,3,15,19,21,8,19,20,35,34,29,31,32,4,0,29,40,31,22,28,7,5,3,0,3
02:46:09,2,0,6,28,31,23,29,9,15,40,27,14,25,30,25,5,27,29,3,1,16,0,0,30,30,7,0,1,12,0,7,20,2,7,5,20,8,4,3,6,1,4,2,0,4,32,2,0,0,18,0,1,40,22,1,8,3,4,2,0,5,4,0,19,0,32,1,20,40,35,32,0,10,3,25,11,2,3,15,19,21,8,19,20,35,34,29,31,32,4,0,29,40,31,22,28,7,5,3,0,3
02:48:09,2,0,6,28,31,23,29,9,15,40,27,14,25,30,25,5,27,29,3,1,16,0,0,30,30,7,0,1,12,0,7,20,2,7,5,20,8,4,3,6,1,4,2,0,4,32,2,0,0,18,0,1,40,22,1,8,3,4,2,0,5,4,0,19,0,32,1,20,40,35,32,0,10,3,25,11,2,3,15,19,21,8,19,20,35,34,29,31,32,4,0,29,40,31,22,28,7,5,3,0,3
02:50:08,2,0,6,28,31,23,29,9,15,40,27,14,25,30,25,5,27,29,3,1,16,0,0,30,30,7,0,1,12,0,7,20,2,7,5,20,8,4,3,6,1,4,2,0,4,32,2,0,0,18,0,1,40,22,1,8,3,4,2,0,5,4,0,19,0,32,1,20,40,35,32,0,10,3,25,11,2,3,15,19,21,8,19,20,35,34,29,31,32,4,0,29,40,31,22,28,7,5,3,0,3
02:52:09,2,0,6,28,31,23,29,9,15,40,27,14,25,30,25,5,27,29,3,1,16,0,0,30,30,7,0,1,12,0,7,20,2,7,5,20,8,4,3,6,1,4,2,0,4,32,2,0,0,18,0,1,40,22,1,8,3,4,2,0,5,4,0,19,0,32,1,20,40,35,32,0,10,3,25,11,2,3,15,19,21,8,19,20,35,34,29,31,32,4,0,29,40,31,22,28,7,5,3,0,3
02:54:09,2,0,6,28,31,23,29,9,15,40,27,14,25,30,25,5,27,29,3,1,16,0,0,30,30,7,0,1,12,0,7,20,2,7,5,20,8,4,3,6,1,4,2,0,4,32,2,0,0,18,0,1,40,22,1,8,3,4,2,0,5,4,0,19,0,32,1,20,40,35,32,0,10,3,25,11,2,3,15,19,21,8,19,20,35,34,29,31,32,4,0,29,40,31,22,28,7,5,3,0,3
02:56:09,2,0,6,28,31,23,29,9,15,40,27,14,25,30,25,5,27,29,3,1,16,0,0,30,30,7,0,1,12,0,7,20,2,7,5,20,8,4,3,6,1,4,2,0,4,32,2,0,0,18,0,1,40,22,1,8,3,4,2,0,5,4,0,19,0,32,1,20,40,35,32,0,10,3,25,11,2,3,15,19,21,8,19,20,35,34,29,31,32,4,0,29,40,31,22,28,7,5,3,0,3
02:58:09,2,0,6,28,31,23,29,9,15,40,27,14,25,30,25,5,27,29,3,1,16,0,0,30,30,7,0,1,12,0,7,20,2,7,5,20,8,4,3,6,1,4,2,0,4,32,2,0,0,18,0,1,40,22,1,8,3,4,2,0,5,4,0,19,0,32,1,20,40,35,32,0,10,3,25,11,2,3,15,19,21,8,19,20,35,34,29,31,32,4,0,29,40,31,22,28,7,5,3,0,3
03:00:08,2,0,6,28,31,23,29,9,15,40,27,14,25,30,25,5,27,29,3,1,16,0,0,30,30,7,0,1,12,0,7,20,2,7,5,20,8,4,3,6,1,4,2,0,4,32,2,0,0,18,0,1,40,22,1,8,3,4,2,0,5,4,0,19,0,32,1,20,40,35,32,0,10,3,25,11,2,3,15,19,21,8,19,20,35,34,29,31,32,4,0,29,40,31,22,28,7,5,3,0,3
03:02:09,2,0,6,28,31,23,29,9,15,40,27,14,25,30,25,5,27,29,3,1,16,0,0,30,30,7,0,1,12,0,7,20,2,7,5,20,8,4,3,6,1,4,2,0,4,32,2,0,0,18,0,1,40,22,1,8,3,4,2,0,5,4,0,19,0,32,1,20,40,35,32,0,10,3,25,11,2,3,15,19,21,8,19,20,35,34,29,31,32,4,0,29,40,31,22,28,7,5,3,0,3
03:04:09,2,0,6,28,31,23,29,9,15,40,27,14,25,30,25,5,27,29,3,1,16,0,0,30,30,7,0,1,12,0,7,20,2,7,5,20,8,4,3,6,1,4,2,0,4,32,2,0,0,18,0,1,40,22,1,8,3,4,2,0,5,4,0,19,0,32,1,20,40,35,32,0,10,3,25,11,2,3,15,19,21,8,19,20,35,34,29,31,32,4,0,29,40,31,22,28,7,5,3,0,3
03:06:09,2,0,6,28,31,23,29,9,15,40,27,14,25,30,25,5,27,29,3,1,16,0,0,30,30,7,0,1,12,0,7,20,2,7,5,20,8,4,3,6,1,4,2,0,4,32,2,0,0,18,0,1,40,22,1,8,3,4,2,0,5,4,0,19,0,32,1,20,40,35,32,0,10,3,25,11,2,3,15,19,21,8,19,20,35,34,29,31,32,4,0,29,40,31,22,28,7,5,3,0,3
03:08:09,2,0,6,28,31,23,29,9,15,40,27,14,25,30,25,5,27,29,3,1,16,0,0,30,30,7,0,1,12,0,7,20,2,7,5,20,8,4,3,6,1,4,2,0,4,32,2,0,0,18,0,1,40,22,1,8,3,4,2,0,5,4,0,19,0,32,1,20,40,35,32,0,10,3,25,11,2,3,15,19,21,8,19,20,35,34,29,31,32,4,0,29,40,31,22,28,7,5,3,0,3
03:10:09,2,0,6,28,31,23,29,9,15,40,27,14,25,30,25,5,27,29,3,1,16,0,0,30,30,7,0,1,12,0,7,20,2,7,5,20,8,4,3,6,1,4,2,0,4,32,2,0,0,18,0,1,40,22,1,8,3,4,2,0,5,4,0,19,0,32,1,20,40,35,32,0,10,3,25,11,2,3,15,19,21,8,19,20,35,34,29,31,32,4,0,29,40,31,22,28,7,5,3,0,3
03:12:09,2,0,6,28,31,23,29,9,15,40,27,14,25,30,25,5,27,29,3,1,16,0,0,30,30,7,0,1,12,0,7,20,2,7,5,20,8,4,3,6,1,4,2,0,4,32,2,0,0,18,0,1,40,22,1,8,3,4,2,0,5,4,0,19,0,32,1,20,40,35,32,0,10,3,25,11,2,3,15,19,21,8,19,20,35,34,29,31,32,4,0,29,40,31,22,28,7,5,3,0,3
03:14:08,2,0,6,28,31,23,29,9,15,40,27,14,25,30,25,5,27,29,3,1,16,0,0,30,30,7,0,1,12,0,7,20,2,7,5,20,8,4,3,6,1,4,2,0,4,32,2,0,0,18,0,1,40,22,1,8,3,4,2,0,5,4,0,19,0,32,1,20,40,35,32,0,10,3,25,11,2,3,15,19,21,8,19,20,35,34,29,31,32,4,0,29,40,31,22,28,7,5,3,0,3
03:16:08,2,0,6,28,31,23,29,9,15,40,27,14,25,30,25,5,27,29,3,1,16,0,0,30,30,7,0,1,12,0,7,20,2,7,5,20,8,4,3,6,1,4,2,0,4,32,2,0,0,18,0,1,40,22,1,8,3,4,2,0,5,4,0,19,0,32,1,20,40,35,32,0,10,3,25,11,2,3,15,19,21,8,19,20,35,34,29,31,32,4,0,29,40,31,22,28,7,5,3,0,3
03:18:09,2,0,6,28,31,23,29,9,15,40,27,14,25,30,25,5,27,29,3,1,16,0,0,30,30,7,0,1,12,0,7,20,2,7,5,20,8,4,3,6,1,4,2,0,4,32,2,0,0,18,0,1,40,22,1,8,3,4,2,0,5,4,0,19,0,32,1,20,40,35,32,0,10,3,25,11,2,3,15,19,21,8,19,20,35,34,29,31,32,4,0,29,40,31,22,28,7,5,3,0,3
03:20:09,2,0,6,28,31,23,29,9,15,40,27,14,25,30,25,5,27,29,3,1,16,0,0,30,30,7,0,1,12,0,7,20,2,7,5,20,8,4,3,6,1,4,2,0,4,32,2,0,0,18,0,1,40,22,1,8,3,4,2,0,5,4,0,19,0,32,1,20,40,35,32,0,10,3,25,11,2,3,15,19,21,8,19,20,35,34,29,31,32,4,0,29,40,31,22,28,7,5,3,0,3
03:22:08,2,0,6,28,31,23,29,9,15,40,27,14,25,30,25,5,27,29,3,1,16,0,0,30,30,7,0,1,12,0,7,20,2,7,5,20,8,4,3,6,1,4,2,0,4,32,2,0,0,18,0,1,40,22,1,8,3,4,2,0,5,4,0,19,0,32,1,20,40,35,32,0,10,3,25,11,2,3,15,19,21,8,19,20,35,34,29,31,32,4,0,29,40,31,22,28,7,5,3,0,3
03:24:09,2,0,6,28,31,23,29,9,15,40,27,14,25,30,25,5,27,29,3,1,16,0,0,30,30,7,0,1,12,0,7,20,2,7,5,20,8,4,3,6,1,4,2,0,4,32,2,0,0,18,0,1,40,22,1,8,3,4,2,0,5,4,0,19,0,32,1,20,40,35,32,0,10,3,25,11,2,3,15,19,21,8,19,20,35,34,29,31,32,4,0,29,40,31,22,28,7,5,3,0,3
03:26:09,2,0,6,28,31,23,29,9,15,40,27,14,25,30,25,5,27,29,3,1,16,0,0,30,30,7,0,1,12,0,7,20,2,7,5,20,8,4,3,6,1,4,2,0,4,32,2,0,0,18,0,1,40,22,1,8,3,4,2,0,5,4,0,19,0,32,1,20,40,35,32,0,10,3,25,11,2,3,15,19,21,8,19,20,35,34,29,31,32,4,0,29,40,31,22,28,7,5,3,0,3
03:28:09,2,0,6,28,31,23,29,9,15,40,27,14,25,30,25,5,27,29,3,1,16,0,0,30,30,7,0,1,12,0,7,20,2,7,5,20,8,4,3,6,1,4,2,0,4,32,2,0,0,18,0,1,40,22,1,8,3,4,2,0,5,4,0,19,0,32,1,20,40,35,32,0,10,3,25,11,2,3,15,19,21,8,19,20,35,34,29,31,32,4,0,29,40,31,22,28,7,5,3,0,3
03:30:08,2,0,6,28,31,23,29,9,15,40,27,14,25,30,25,5,27,29,3,1,16,0,0,30,30,7,0,1,12,0,7,20,2,7,5,20,8,4,3,6,1,4,2,0,4,32,2,0,0,18,0,1,40,22,1,8,3,4,2,0,5,4,0,19,0,32,1,20,40,35,32,0,10,3,25,11,2,3,15,19,21,8,19,20,35,34,29,31,32,4,0,29,40,31,22,28,7,5,3,0,3
03:32:09,2,0,6,28,31,23,29,9,15,40,27,14,25,30,25,5,27,29,3,1,16,0,0,30,30,7,0,1,12,0,7,20,2,7,5,20,8,4,3,6,1,4,2,0,4,32,2,0,0,18,0,1,40,22,1,8,3,4,2,0,5,4,0,19,0,32,1,20,40,35,32,0,10,3,25,11,2,3,15,19,21,8,19,20,35,34,29,31,32,4,0,29,40,31,22,28,7,5,3,0,3
03:34:09,2,0,6,28,31,23,29,9,15,40,27,14,25,30,25,5,27,29,3,1,16,0,0,30,30,7,0,1,12,0,7,20,2,7,5,20,8,4,3,6,1,4,2,0,4,32,2,0,0,18,0,1,40,22,1,8,3,4,2,0,5,4,0,19,0,32,1,20,40,35,32,0,10,3,25,11,2,3,15,19,21,8,19,20,35,34,29,31,32,4,0,29,40,31,22,28,7,5,3,0,3
03:36:09,2,0,6,28,31,23,29,9,15,40,27,14,25,30,25,5,27,29,3,1,16,0,0,30,30,7,0,1,12,0,7,20,2,7,5,20,8,4,3,6,1,4,2,0,4,32,2,0,0,18,0,1,40,22,1,8,3,4,2,0,5,4,0,19,0,32,1,20,40,35,32,0,10,3,25,11,2,3,15,19,21,8,19,20,35,34,29,31,32,4,0,29,40,31,22,28,7,5,3,0,3
03:38:09,2,0,6,28,31,23,29,9,15,40,27,14,25,30,25,5,27,29,3,1,16,0,0,30,30,7,0,1,12,0,7,20,2,7,5,20,8,4,3,6,1,4,2,0,4,32,2,0,0,18,0,1,40,22,1,8,3,4,2,0,5,4,0,19,0,32,1,20,40,35,32,0,10,3,25,11,2,3,15,19,21,8,19,20,35,34,29,31,32,4,0,29,40,31,22,28,7,5,3,0,3
03:40:09,2,0,6,28,31,23,29,9,15,40,27,14,25,30,25,5,27,29,3,1,16,0,0,30,30,7,0,1,12,0,7,20,2,7,5,20,8,4,3,6,1,4,2,0,4,32,2,0,0,18,0,1,40,22,1,8,3,4,2,0,5,4,0,19,0,32,1,20,40,35,32,0,10,3,25,11,2,3,15,19,21,8,19,20,35,34,29,31,32,4,0,29,40,31,22,28,7,5,3,0,3
03:42:09,2,0,6,28,31,23,29,9,15,40,27,14,25,30,25,5,27,29,3,1,16,0,0,30,30,7,0,1,12,0,7,20,2,7,5,20,8,4,3,6,1,4,2,0,4,32,2,0,0,18,0,1,40,22,1,8,3,4,2,0,5,4,0,19,0,32,1,20,40,35,32,0,10,3,25,11,2,3,15,19,21,8,19,20,35,34,29,31,32,4,0,29,40,31,22,28,7,5,3,0,3
03:44:08,2,0,6,28,31,23,29,9,15,40,27,14,25,30,25,5,27,29,3,1,16,0,0,30,30,7,0,1,12,0,7,20,2,7,5,20,8,4,3,6,1,4,2,0,4,32,2,0,0,18,0,1,40,22,1,8,3,4,2,0,5,4,0,19,0,32,1,20,40,35,32,0,10,3,25,11,2,3,15,19,21,8,19,20,35,34,29,31,32,4,0,29,40,31,22,28,7,5,3,0,3
03:46:09,2,0,6,28,31,23,29,9,15,40,27,14,25,30,25,5,27,29,3,1,16,0,0,30,30,7,0,1,12,0,7,20,2,7,5,20,8,4,3,6,1,4,2,0,4,32,2,0,0,18,0,1,40,22,1,8,3,4,2,0,5,4,0,19,0,32,1,20,40,35,32,0,10,3,25,11,2,3,15,19,21,8,19,20,35,34,29,31,32,4,0,29,40,31,22,28,7,5,3,0,3
03:48:09,2,0,6,28,31,23,29,9,15,40,27,14,25,30,25,5,27,29,3,1,16,0,0,30,30,7,0,1,12,0,7,20,2,7,5,20,8,4,3,6,1,4,2,0,4,32,2,0,0,18,0,1,40,22,1,8,3,4,2,0,5,4,0,19,0,32,1,20,40,35,32,0,10,3,25,11,2,3,15,19,21,8,19,20,35,34,29,31,32,4,0,29,40,31,22,28,7,5,3,0,3
03:50:08,2,0,6,28,31,23,29,9,15,40,27,14,25,30,25,5,27,29,3,1,16,0,0,30,30,7,0,1,12,0,7,20,2,7,5,20,8,4,3,6,1,4,2,0,4,32,2,0,0,18,0,1,40,22,1,8,3,4,2,0,5,4,0,19,0,32,1,20,40,35,32,0,10,3,25,11,2,3,15,19,21,8,19,20,35,34,29,31,32,4,0,29,40,31,22,28,7,5,3,0,3
03:52:08,2,0,6,28,31,23,29,9,15,40,27,14,25,30,25,5,27,29,3,1,16,0,0,30,30,7,0,1,12,0,7,20,2,7,5,20,8,4,3,6,1,4,2,0,4,32,2,0,0,18,0,1,40,22,1,8,3,4,2,0,5,4,0,19,0,32,1,20,40,35,32,0,10,3,25,11,2,3,15,19,21,8,19,20,35,34,29,31,32,4,0,29,40,31,22,28,7,5,3,0,3
03:54:09,2,0,6,28,31,23,29,9,15,40,27,14,25,30,25,5,27,29,3,1,16,0,0,30,30,7,0,1,12,0,7,20,2,7,5,20,8,4,3,6,1,4,2,0,4,32,2,0,0,18,0,1,40,22,1,8,3,4,2,0,5,4,0,19,0,32,1,20,40,35,32,0,10,3,25,11,2,3,15,19,21,8,19,20,35,34,29,31,32,4,0,29,40,31,22,28,7,5,3,0,3
03:56:09,2,0,6,28,31,23,29,9,15,40,27,14,25,30,25,5,27,29,3,1,16,0,0,30,30,7,0,1,12,0,7,20,2,7,5,20,8,4,3,6,1,4,2,0,4,32,2,0,0,18,0,1,40,22,1,8,3,4,2,0,5,4,0,19,0,32,1,20,40,35,32,0,10,3,25,11,2,3,15,19,21,8,19,20,35,34,29,31,32,4,0,29,40,31,22,28,7,5,3,0,3
03:58:08,2,0,6,28,31,23,29,9,15,40,27,14,25,30,25,5,27,29,3,1,16,0,0,30,30,7,0,1,12,0,7,20,2,7,5,20,8,4,3,6,1,4,2,0,4,32,2,0,0,18,0,1,40,22,1,8,3,4,2,0,5,4,0,19,0,32,1,20,40,35,32,0,10,3,25,11,2,3,15,19,21,8,19,20,35,34,29,31,32,4,0,29,40,31,22,28,7,5,3,0,3
04:00:09,2,0,6,28,31,23,29,9,15,40,27,14,25,30,25,5,27,29,3,1,16,0,0,30,30,7,0,1,12,0,7,20,2,7,5,20,8,4,3,6,1,4,2,0,4,32,2,0,0,18,0,1,40,22,1,8,3,4,2,0,5,4,0,19,0,32,1,20,40,35,32,0,10,3,25,11,2,3,15,19,21,8,19,20,35,34,29,31,32,4,0,29,40,31,22,28,7,5,3,0,3
04:02:09,2,0,6,28,31,23,29,9,15,40,27,14,25,30,25,5,27,29,3,1,16,0,0,30,30,7,0,1,12,0,7,20,2,7,5,20,8,4,3,6,1,4,2,0,4,32,2,0,0,18,0,1,40,22,1,8,3,4,2,0,5,4,0,19,0,32,1,20,40,35,32,0,10,3,25,11,2,3,15,19,21,8,19,20,35,34,29,31,32,4,0,29,40,31,22,28,7,5,3,0,3
04:04:09,2,0,6,28,31,23,29,9,15,40,27,14,25,30,25,5,27,28,3,1,16,0,0,29,29,7,0,1,12,0,7,20,2,7,5,20,8,4,3,6,1,4,2,0,4,32,2,0,0,18,0,1,40,23,1,8,3,4,2,0,5,4,0,19,0,32,1,20,40,35,32,0,10,3,25,11,2,3,15,19,21,8,19,20,35,34,29,31,32,4,0,29,40,31,22,27,7,5,3,0,3
04:06:08,2,0,6,28,31,23,29,9,15,40,27,14,25,30,25,5,27,28,3,1,16,0,0,29,29,7,0,1,12,0,7,20,2,7,5,20,8,4,3,6,1,4,2,0,4,32,2,0,0,18,0,1,40,23,1,8,3,4,2,0,5,4,0,19,0,32,1,20,40,35,32,0,10,3,25,11,2,3,15,19,21,8,19,20,35,34,29,31,32,4,0,29,40,31,22,27,7,5,3,0,3
04:08:09,2,0,6,28,30,23,28,9,15,40,27,14,25,30,25,5,27,28,3,1,16,0,0,28,29,7,0,1,12,0,7,20,2,7,5,20,8,4,3,6,1,4,2,0,4,32,2,0,0,18,0,1,40,22,0,8,3,4,2,0,5,4,0,19,0,32,1,20,40,35,32,0,10,3,25,11,2,3,15,19,21,8,19,20,35,34,29,31,32,4,0,29,40,31,22,27,7,5,3,0,3
04:10:09,2,0,6,28,30,23,28,9,15,40,27,14,25,30,25,5,27,28,3,1,16,0,0,28,29,7,0,1,12,0,7,20,2,7,5,20,8,4,3,6,1,4,2,0,4,32,2,0,0,18,0,1,40,22,0,8,3,4,2,0,5,4,0,19,0,32,1,20,40,35,32,0,10,3,25,11,2,3,15,19,21,8,19,20,35,34,29,31,32,4,0,29,40,31,22,27,7,5,3,0,3
04:12:09,2,0,6,28,30,23,28,9,22,40,27,14,25,30,25,5,27,28,3,1,16,0,0,28,29,9,0,1,12,0,7,20,2,7,5,20,8,4,3,6,1,4,2,0,4,32,2,0,0,18,0,1,40,22,0,8,3,4,2,0,5,4,2,19,0,32,1,20,40,35,32,0,10,3,25,11,2,3,15,19,21,8,19,20,35,34,29,31,32,4,0,29,40,31,22,27,7,5,3,0,3
04:14:09,2,0,6,28,30,23,28,9,29,40,27,14,25,30,25,5,27,27,3,1,16,0,0,27,28,9,0,1,12,0,7,20,2,6,5,20,8,4,3,6,1,4,2,0,4,32,2,0,0,18,0,1,40,22,0,8,3,4,2,0,5,4,2,19,0,32,1,20,40,35,32,0,10,3,25,11,2,3,15,19,21,8,19,20,35,35,29,31,32,4,0,29,40,31,21,27,7,5,3,0,3
04:16:08,2,0,6,28,30,23,28,9,29,40,27,14,25,30,25,5,27,27,3,1,16,0,0,27,28,9,0,1,12,0,7,20,2,6,5,20,8,4,3,6,1,4,2,0,4,32,2,0,0,18,0,1,40,22,0,8,3,4,2,0,5,4,2,19,0,32,1,20,40,35,32,0,10,3,25,11,2,3,15,19,21,8,19,20,35,35,29,31,32,4,0,29,40,31,21,27,7,5,3,0,3
04:18:08,2,0,6,28,30,30,28,9,32,40,27,14,25,30,25,5,27,27,3,1,16,0,0,26,26,9,0,1,12,0,7,20,2,6,5,19,7,4,3,6,1,4,2,0,4,32,2,0,0,18,0,1,40,22,1,8,3,4,2,0,5,4,2,19,0,32,2,20,40,34,32,0,10,3,25,11,2,4,15,19,21,8,19,19,35,35,30,31,32,4,0,29,40,31,21,27,7,5,3,1,3
04:20:09,2,0,6,29,31,33,28,9,32,40,27,14,25,30,25,4,27,27,3,1,16,0,0,26,24,9,0,1,12,0,7,20,2,6,5,19,7,3,3,7,1,4,2,0,4,32,3,0,1,18,0,1,40,22,1,8,3,4,2,0,5,4,2,19,1,32,2,20,40,34,32,0,10,3,25,11,3,4,15,19,21,8,19,19,35,35,29,31,32,4,0,29,40,31,21,27,7,6,3,1,3
04:22:09,2,0,6,29,31,33,28,9,32,40,27,14,25,30,25,4,27,27,3,1,16,0,0,26,24,9,0,1,12,0,7,20,2,6,5,19,7,3,3,7,1,4,2,0,4,32,3,0,1,18,0,1,40,22,1,8,3,4,2,0,5,4,2,19,1,32,2,20,40,34,32,0,10,3,25,11,3,4,15,19,21,8,19,19,35,35,29,31,32,4,0,29,40,31,21,27,7,6,3,1,3
04:24:09,2,0,6,29,36,33,28,9,32,40,27,14,25,30,25,4,27,26,3,1,16,0,0,26,22,9,0,1,12,0,7,20,2,6,5,19,7,3,3,8,1,4,2,0,4,32,3,0,1,18,0,1,40,22,1,8,3,3,2,0,5,3,2,19,3,32,2,20,40,34,32,0,10,3,25,11,3,4,15,19,21,8,19,19,35,35,29,31,32,4,0,29,40,31,21,28,7,7,3,1,3
04:26:08,2,0,6,29,36,33,28,9,32,40,27,14,25,29,25,4,27,26,3,1,16,0,0,25,22,9,0,1,12,0,7,20,2,6,5,19,6,3,3,8,1,4,2,0,4,32,3,0,1,18,0,1,40,22,1,8,3,3,2,0,5,3,2,19,5,32,3,20,40,34,32,0,11,3,25,11,3,4,15,19,21,8,19,19,35,35,29,31,32,4,0,29,40,31,21,28,6,7,3,1,3
04:28:09,2,0,6,29,36,33,28,9,32,40,27,14,25,29,25,4,27,26,3,1,16,0,0,25,22,9,0,1,12,0,7,20,2,6,5,19,6,3,3,8,1,4,2,0,4,32,3,0,1,18,0,1,40,22,1,8,3,3,2,0,5,3,2,19,5,32,3,20,40,34,32,0,11,3,25,11,3,4,15,19,21,8,19,19,35,35,29,31,32,4,0,29,40,31,21,28,6,7,3,1,3
04:30:09,2,0,6,29,36,33,28,9,32,40,27,14,25,29,25,4,27,26,4,1,16,0,0,25,22,9,0,1,12,0,7,20,2,6,5,19,6,3,3,8,1,4,2,0,4,32,3,0,0,18,0,1,40,22,2,0,3,3,2,0,5,3,2,19,7,32,3,20,40,34,32,0,11,3,25,11,3,4,14,19,21,8,19,18,34,35,29,31,32,4,0,29,40,31,21,28,6,7,3,1,6
04:32:09,2,0,6,29,36,33,28,9,32,40,27,14,25,29,25,4,27,26,4,1,16,1,0,23,22,9,0,1,13,0,7,20,2,6,5,19,6,3,3,8,1,4,2,0,4,32,3,0,0,18,0,2,40,22,2,0,3,3,2,0,5,3,2,19,7,32,3,20,40,33,32,0,12,3,25,11,3,4,14,19,21,8,19,18,34,35,29,31,32,4,0,12,40,31,21,28,6,7,3,1,7
04:34:09,2,0,6,29,36,33,28,9,32,40,27,14,25,29,25,4,27,26,4,1,16,1,0,23,22,9,0,1,13,0,7,20,2,6,5,19,6,3,3,8,1,4,2,0,4,32,3,0,0,18,0,2,40,22,2,0,3,3,2,0,5,3,2,19,7,32,3,20,40,33,32,0,12,3,25,11,3,4,14,19,21,8,19,18,34,35,29,31,32,4,0,12,40,31,21,28,6,7,3,1,7
04:36:08,2,0,6,29,36,33,28,9,32,40,27,14,25,30,25,4,27,25,4,1,16,1,0,23,22,9,0,1,13,0,7,20,2,6,3,18,6,3,3,8,1,4,2,0,4,32,3,0,0,18,0,2,40,22,2,0,3,3,2,0,5,3,2,19,7,32,4,20,40,33,32,0,10,3,25,11,3,5,13,19,21,8,19,18,34,35,29,31,32,4,0,11,40,31,21,28,6,7,3,1,7
04:38:09,2,0,6,29,36,33,28,9,32,40,27,14,25,29,25,4,27,25,4,1,16,1,0,23,20,9,0,1,13,0,7,20,2,6,3,18,6,3,3,8,1,4,2,1,5,32,3,0,0,18,0,2,40,22,2,0,3,3,2,0,5,3,2,19,7,32,4,20,40,33,32,0,12,3,25,11,3,5,13,19,21,8,19,18,34,35,29,31,32,4,0,12,40,31,21,28,6,7,3,1,7
04:40:09,2,0,6,29,36,33,28,9,32,40,27,14,25,29,25,4,27,25,4,1,16,1,0,23,20,9,0,1,13,0,7,20,2,6,3,18,6,3,3,8,1,4,2,1,5,32,3,0,0,18,0,2,40,22,2,0,3,3,2,0,5,3,2,19,7,32,4,20,40,33,32,0,12,3,25,11,3,5,13,19,21,8,19,18,34,35,29,31,32,4,0,12,40,31,21,28,6,7,3,1,7
04:42:09,2,0,0,29,35,33,28,9,31,40,27,14,25,29,25,4,27,25,4,1,16,1,0,23,18,9,0,1,13,0,7,20,2,6,3,18,5,3,3,8,1,4,2,1,5,31,3,0,0,18,0,2,40,22,1,0,3,3,2,0,5,4,2,19,7,32,4,20,40,33,32,0,12,3,25,12,3,5,13,19,21,8,19,18,34,35,28,31,32,4,0,12,40,30,21,28,6,7,3,1,8
04:44:08,2,0,0,29,34,33,28,9,31,40,27,14,25,29,25,4,27,25,4,1,16,1,0,22,27,9,0,1,13,0,7,20,2,6,3,18,5,3,3,8,1,4,2,1,5,31,3,0,0,18,0,2,40,22,0,0,3,3,2,0,5,4,2,19,9,32,4,20,40,33,32,0,12,3,25,12,3,5,13,19,21,8,19,18,34,35,28,31,32,4,0,12,40,30,21,28,6,7,3,1,8
04:46:09,2,0,0,29,34,33,28,9,31,40,27,14,25,29,25,4,27,25,4,1,16,1,0,22,27,9,0,1,13,0,7,20,2,6,3,18,5,3,3,8,1,4,2,1,5,31,3,0,0,18,0,2,40,22,0,0,3,3,2,0,5,4,2,19,9,32,4,20,40,33,32,0,12,3,25,12,3,5,13,19,21,8,19,18,34,35,28,31,32,4,0,12,40,30,21,28,6,7,3,1,8
04:48:09,2,0,0,29,34,32,28,9,31,40,27,14,25,29,25,4,27,25,4,1,16,1,0,22,26,9,1,1,13,0,7,20,2,5,1,18,5,3,3,9,1,4,2,1,5,30,3,0,0,18,0,2,40,22,0,0,3,3,2,0,6,4,2,19,12,32,4,20,40,33,32,0,12,3,25,12,3,7,13,20,22,8,19,18,34,35,28,31,32,4,0,12,40,30,21,28,6,7,3,1,8
04:50:09,2,0,0,29,34,32,26,9,31,40,27,14,25,29,25,4,27,24,4,1,16,1,0,26,26,9,2,1,13,0,7,20,2,5,1,18,4,3,3,9,1,4,2,1,5,30,3,0,0,15,0,2,40,23,0,0,3,3,2,0,6,4,2,19,12,32,4,29,40,32,31,0,12,3,25,12,3,7,13,21,22,8,19,18,34,35,28,30,32,4,0,12,40,30,21,28,6,7,3,1,8
04:52:09,2,0,0,29,34,32,26,9,31,40,27,14,25,29,25,4,27,24,4,1,16,1,0,26,26,9,2,1,13,0,7,20,2,5,1,18,4,3,3,9,1,4,2,1,5,30,3,0,0,15,0,2,40,23,0,0,3,3,2,0,6,4,2,19,12,32,4,29,40,32,31,0,12,3,25,12,3,7,13,21,22,8,19,18,34,35,28,30,32,4,0,12,40,30,21,28,6,7,3,1,8
04:54:09,2,0,0,29,33,32,25,9,31,40,27,14,25,29,25,4,27,24,4,1,16,3,1,26,26,9,2,1,13,0,7,20,2,5,1,18,4,3,3,9,1,4,2,1,5,31,3,0,0,15,0,2,40,25,0,0,3,3,2,0,5,4,2,19,13,32,4,29,40,32,31,0,11,3,25,12,4,8,13,28,22,8,19,18,35,34,28,29,32,4,0,12,40,30,20,28,6,6,3,1,8
04:56:09,2,0,0,29,33,32,24,10,32,40,27,14,25,29,25,4,27,24,4,1,16,3,1,26,26,9,2,1,13,0,7,20,2,5,1,18,4,3,3,9,1,5,2,1,5,31,3,1,0,15,2,3,40,25,0,0,3,3,2,0,6,4,2,19,14,32,4,29,40,32,31,0,11,2,25,12,5,8,13,28,22,8,19,18,35,34,28,29,32,4,0,12,40,30,20,28,6,6,3,1,9
04:58:08,2,0,0,29,33,32,24,10,32,40,27,14,25,29,25,4,27,24,4,1,16,3,1,26,26,9,2,1,13,0,7,20,2,5,1,18,4,3,3,9,1,5,2,1,5,31,3,1,0,15,2,3,40,25,0,0,3,3,2,0,6,4,2,19,14,32,4,29,40,32,31,0,11,2,25,12,5,8,13,28,22,8,19,18,35,34,28,29,32,4,0,12,40,30,20,28,6,6,3,1,9
05:00:08,2,0,0,29,33,32,24,10,32,40,27,14,25,28,25,4,27,23,4,1,16,3,2,26,25,9,2,1,13,0,7,20,2,5,1,18,4,3,3,9,1,4,2,3,5,31,3,1,0,15,2,3,40,25,0,0,3,3,2,0,7,5,2,19,14,32,4,29,40,31,30,0,12,2,25,13,7,8,13,28,22,8,19,17,35,34,28,29,32,4,0,13,40,30,20,28,6,6,3,1,9
05:02:09,2,0,1,28,33,32,24,10,32,39,27,14,25,28,25,4,27,23,4,2,15,3,2,26,24,9,2,2,13,0,7,20,2,4,0,18,6,3,3,0,1,4,2,3,4,31,3,1,0,14,2,3,40,25,0,0,3,3,2,0,7,5,2,19,14,31,4,29,40,31,30,0,12,2,24,12,7,8,13,28,22,9,19,17,35,35,28,29,32,4,0,13,40,30,20,28,6,6,3,1,9
05:04:09,2,0,1,28,33,32,24,10,32,39,27,14,25,28,25,4,27,23,4,2,15,3,2,26,24,9,2,2,13,0,7,20,2,4,0,18,6,3,3,0,1,4,2,3,4,31,3,1,0,14,2,3,40,25,0,0,3,3,2,0,7,5,2,19,14,31,4,29,40,31,30,0,12,2,24,12,7,8,13,28,22,9,19,17,35,35,28,29,32,4,0,13,40,30,20,28,6,6,3,1,9
05:06:09,2,0,1,28,33,32,23,10,32,39,27,14,25,28,25,4,27,22,4,2,15,3,2,23,24,11,2,3,12,1,7,20,2,4,0,18,6,3,3,0,1,4,2,3,4,33,3,1,0,14,3,3,40,25,0,0,3,3,2,0,7,6,2,19,14,31,4,29,40,31,30,0,12,2,24,12,7,8,13,28,22,9,19,16,35,35,27,28,32,4,0,13,40,30,20,28,6,6,3,1,10
05:08:08,2,0,1,28,32,32,23,10,31,39,27,15,25,27,25,4,27,22,4,2,15,3,2,23,24,11,2,3,12,1,7,20,2,3,0,18,7,2,3,0,1,4,2,3,4,32,3,1,0,14,3,2,40,25,0,0,3,3,4,0,7,6,2,19,14,31,4,29,40,31,30,0,12,1,24,11,7,8,13,26,22,9,19,16,35,35,26,28,32,4,0,14,40,30,20,27,6,6,3,1,10
05:10:08,2,0,1,28,32,32,23,10,31,39,27,15,25,27,25,4,27,22,4,2,15,3,2,23,24,11,2,3,12,1,7,20,2,3,0,18,7,2,3,0,1,4,2,3,4,32,3,1,0,14,3,2,40,25,0,0,3,3,4,0,7,6,2,19,14,31,4,29,40,31,30,0,12,1,24,11,7,8,13,26,22,9,19,16,35,35,26,28,32,4,0,14,40,30,20,27,6,6,3,1,10
05:12:09,2,0,1,28,32,32,23,10,31,39,27,15,25,27,25,5,26,20,4,2,15,3,2,23,24,11,2,5,12,1,8,20,2,3,0,18,7,0,3,0,1,3,2,3,4,32,3,1,0,14,3,2,40,24,0,0,3,2,4,0,7,6,2,19,14,31,4,28,40,30,30,0,13,1,24,6,8,8,13,25,22,9,19,16,35,35,26,28,32,4,0,14,40,30,20,27,6,6,3,1,10
05:14:09,2,0,1,27,32,32,23,10,31,39,27,15,25,26,25,5,26,19,4,1,14,3,2,23,23,11,2,5,11,1,8,20,2,2,0,17,7,0,3,2,1,3,2,3,5,32,3,0,0,15,3,2,40,23,0,0,3,2,4,0,6,6,2,19,14,31,4,28,40,30,30,0,13,1,24,6,8,9,13,25,22,9,19,16,35,35,26,29,32,4,0,14,40,30,20,28,6,6,3,0,11
05:16:08,2,0,1,27,32,32,23,10,31,39,27,15,25,26,25,5,26,19,4,1,14,3,2,23,23,11,2,5,11,1,8,20,2,2,0,17,7,0,3,2,1,3,2,3,5,32,3,0,0,15,3,2,40,23,0,0,3,2,4,0,6,6,2,19,14,31,4,28,40,30,30,0,13,1,24,6,8,9,13,25,22,9,19,16,35,35,26,29,32,4,0,14,40,30,20,28,6,6,3,0,11
05:18:09,2,0,1,27,32,32,23,10,31,39,27,15,25,24,25,5,26,18,4,1,14,3,2,23,22,11,2,5,11,2,8,20,2,0,0,17,7,0,3,2,1,4,2,3,5,33,2,0,0,15,3,2,40,23,0,0,3,2,4,0,4,6,2,19,7,31,4,28,40,30,30,0,13,1,24,3,8,10,13,24,21,9,19,16,35,35,25,29,32,4,0,14,40,29,20,28,6,6,3,0,11
05:20:09,2,0,1,27,31,32,23,10,31,40,27,15,25,23,25,5,26,18,4,1,14,3,2,23,21,6,2,4,11,2,8,20,2,0,0,16,7,0,3,2,1,4,2,3,5,33,3,0,0,15,3,2,40,23,0,0,3,2,5,0,2,6,2,19,8,40,4,28,40,31,30,0,14,0,24,3,10,11,13,24,20,8,19,17,35,35,25,29,32,4,0,15,40,29,20,29,6,6,3,0,11
05:22:08,2,0,1,27,31,32,23,10,31,40,27,15,25,23,25,5,26,18,4,1,14,3,2,23,21,6,2,4,11,2,8,20,2,0,0,16,7,0,3,2,1,4,2,3,5,33,3,0,0,15,3,2,40,23,0,0,3,2,5,0,2,6,2,19,8,40,4,28,40,31,30,0,14,0,24,3,10,11,13,24,20,8,19,17,35,35,25,29,32,4,0,15,40,29,20,29,6,6,3,0,11
05:24:08,2,0,1,27,31,31,23,10,31,40,27,15,25,23,25,5,26,18,5,1,14,3,2,22,20,6,2,4,10,3,8,20,2,1,0,16,7,0,3,2,1,4,2,3,5,33,3,0,0,15,4,2,40,23,1,0,3,3,6,0,0,6,2,19,8,40,4,28,40,35,29,0,14,0,24,3,10,11,13,23,20,2,19,16,34,35,25,29,32,4,0,15,40,29,20,29,6,6,3,0,11
05:26:09,2,0,1,27,31,31,23,10,31,40,27,15,25,23,25,5,26,17,5,1,14,5,3,20,19,6,2,4,10,3,8,20,3,1,0,16,7,1,3,2,1,4,2,3,5,33,4,0,0,13,4,2,40,23,1,0,3,3,6,0,0,6,2,19,8,40,4,28,40,38,29,0,14,0,24,4,10,13,13,23,19,2,19,16,34,35,25,29,32,4,0,15,40,28,20,29,5,6,3,0,12
05:28:09,2,0,1,27,31,31,23,10,31,40,27,15,25,23,25,5,26,17,5,1,14,5,3,20,19,6,2,4,10,3,8,20,3,1,0,16,7,1,3,2,1,4,2,3,5,33,4,0,0,13,4,2,40,23,1,0,3,3,6,0,0,6,2,19,8,40,4,28,40,38,29,0,14,0,24,4,10,13,13,23,19,2,19,16,34,35,25,29,32,4,0,15,40,28,20,29,5,6,3,0,12
05:30:08,0,0,1,27,31,31,23,12,31,40,27,15,25,23,25,5,27,17,5,1,15,5,3,19,19,6,2,4,10,3,8,20,3,1,0,15,7,1,5,1,1,4,2,3,5,33,4,0,0,13,4,2,40,23,1,0,3,2,6,0,0,6,3,19,10,39,4,28,40,37,29,0,14,0,24,4,10,13,12,23,18,2,19,13,34,34,24,29,32,4,0,15,40,28,20,29,5,6,3,0,12
05:32:09,0,0,1,27,31,31,23,12,31,40,27,15,25,23,25,5,27,17,5,1,15,5,3,19,19,6,2,4,10,3,8,20,3,1,0,15,7,1,5,1,1,4,2,3,5,33,4,0,0,13,4,2,40,23,1,0,3,2,6,0,0,6,3,19,10,39,4,28,40,37,29,0,14,0,24,4,10,13,12,23,18,2,19,13,34,34,24,29,32,4,0,15,40,28,20,29,5,6,3,0,12
05:34:09,0,0,1,26,30,31,23,12,31,39,27,15,25,20,25,5,26,16,4,1,15,5,3,19,17,3,2,3,4,3,8,20,3,1,0,15,7,1,5,1,1,3,2,3,6,33,4,0,0,13,5,1,40,23,0,1,3,0,6,0,0,6,3,19,10,39,4,28,39,37,28,0,14,0,24,4,11,9,11,22,17,3,19,13,34,34,24,29,32,4,1,15,40,28,20,29,5,6,4,1,13
05:36:09,0,0,1,26,30,31,23,12,30,39,27,16,20,27,25,5,26,16,4,1,15,6,3,17,17,5,1,3,2,2,8,20,3,1,0,15,7,1,5,1,1,2,1,4,6,31,4,0,1,13,5,1,40,21,0,1,3,0,7,0,2,6,3,19,12,39,5,28,39,37,28,1,14,0,24,6,12,9,11,22,17,3,19,12,33,34,24,29,32,4,1,14,40,28,20,29,5,6,4,1,13
05:38:09,0,0,1,26,30,31,23,12,30,39,27,16,20,27,25,5,26,16,4,1,15,6,3,17,17,5,1,3,2,2,8,20,3,1,0,15,7,1,5,1,1,2,1,4,6,31,4,0,1,13,5,1,40,21,0,1,3,0,7,0,2,6,3,19,12,39,5,28,39,37,28,1,14,0,24,6,12,9,11,22,17,3,19,12,33,34,24,29,32,4,1,14,40,28,20,29,5,6,4,1,13
05:40:09,0,1,1,26,29,31,21,12,29,39,27,16,16,28,25,5,26,17,4,1,15,6,5,16,17,5,0,3,2,2,8,20,3,0,0,15,7,1,5,0,1,2,1,4,6,31,4,0,1,11,4,1,40,21,0,1,3,0,7,0,2,6,3,19,12,39,5,28,39,37,28,1,14,0,24,6,12,8,11,22,16,3,19,10,33,34,24,29,32,4,2,12,40,27,20,29,5,6,4,1,15
05:42:09,0,1,1,25,29,31,20,12,29,40,27,16,16,28,25,5,25,23,5,2,15,8,5,16,17,6,0,3,2,3,9,19,3,0,0,14,7,1,5,1,1,2,1,4,5,30,5,0,3,11,4,1,40,21,0,1,2,0,7,0,2,6,3,19,12,39,5,28,39,36,28,1,14,0,24,6,2,8,10,22,15,3,19,9,33,34,23,29,31,4,2,8,40,27,20,29,5,6,4,1,16
05:44:08,0,1,1,25,29,31,20,12,29,40,27,16,16,28,25,5,25,23,5,2,15,8,5,16,17,6,0,3,2,3,9,19,3,0,0,14,7,1,5,1,1,2,1,4,5,30,5,0,3,11,4,1,40,21,0,1,2,0,7,0,2,6,3,19,12,39,5,28,39,36,28,1,14,0,24,6,2,8,10,22,15,3,19,9,33,34,23,29,31,4,2,8,40,27,20,29,5,6,4,1,16
05:46:08,0,1,1,25,29,29,20,13,29,40,27,16,16,28,25,5,24,23,6,2,15,8,5,16,17,6,2,3,3,2,9,18,3,0,0,14,7,1,5,1,2,2,1,4,5,30,5,0,3,11,4,0,40,21,0,1,2,0,8,0,2,6,3,19,13,38,5,28,39,36,27,1,14,0,24,6,3,8,10,22,15,4,19,8,33,34,22,29,31,5,2,8,40,27,20,28,5,6,4,1,16
05:48:09,0,1,1,25,28,29,18,13,29,38,27,16,16,28,25,5,22,22,6,4,15,8,6,16,17,6,2,0,4,2,9,17,2,0,1,13,6,1,0,1,2,0,1,4,5,30,5,0,4,11,4,0,40,19,0,2,2,0,8,1,3,6,4,20,14,39,5,28,39,36,27,1,16,0,24,7,4,9,10,22,13,5,19,8,32,34,21,29,31,6,4,8,40,27,20,27,5,6,4,1,16
05:50:08,0,1,1,25,28,29,18,13,29,38,27,16,16,28,25,5,22,22,6,4,15,8,6,16,17,6,2,0,4,2,9,17,2,0,1,13,6,1,0,1,2,0,1,4,5,30,5,0,4,11,4,0,40,19,0,2,2,0,8,1,3,6,4,20,14,39,5,28,39,36,27,1,16,0,24,7,4,9,10,22,13,5,19,8,32,34,21,29,31,6,4,8,40,27,20,27,5,6,4,1,16
05:52:08,0,2,1,23,28,29,16,13,29,38,26,16,16,25,25,5,22,22,6,4,14,7,6,14,16,7,2,0,4,2,9,17,2,0,1,13,4,1,0,4,2,0,0,4,4,31,5,1,4,11,5,0,40,20,0,2,2,0,9,1,3,6,4,20,14,39,6,28,38,35,24,3,16,0,24,8,7,9,10,22,12,6,19,8,32,33,20,28,31,7,4,8,40,26,20,26,5,6,4,1,16
05:54:09,0,2,2,21,28,29,16,13,29,35,26,16,16,23,25,6,20,20,6,4,14,8,6,14,14,7,2,1,4,2,9,17,2,0,1,11,5,2,0,4,2,1,0,4,5,31,5,2,4,11,6,0,40,20,2,2,2,0,9,0,5,4,4,20,16,40,7,28,38,34,24,3,16,0,24,6,8,9,10,23,10,6,19,8,32,33,20,28,31,7,4,8,40,26,20,26,5,6,4,0,17
05:56:09,0,2,2,21,28,29,16,13,29,35,26,16,16,23,25,6,20,20,6,4,14,8,6,14,14,7,2,1,4,2,9,17,2,0,1,11,5,2,0,4,2,1,0,4,5,31,5,2,4,11,6,0,40,20,2,2,2,0,9,0,5,4,4,20,16,40,7,28,38,34,24,3,16,0,24,6,8,9,10,23,10,6,19,8,32,33,20,28,31,7,4,8,40,26,20,26,5,6,4,0,17
05:58:08,1,2,2,19,28,28,16,13,29,33,26,16,16,22,25,6,18,19,7,4,14,8,6,14,15,7,2,1,4,2,9,16,3,0,1,11,5,3,0,5,2,1,0,4,5,31,6,2,4,13,6,1,40,21,2,2,2,1,10,0,7,4,4,19,16,39,8,28,38,31,24,3,16,0,24,5,6,9,9,23,9,6,19,7,32,33,20,28,31,9,4,7,40,27,20,26,5,6,4,1,17
06:00:08,1,2,2,16,28,28,16,13,29,32,25,15,14,29,25,9,16,17,8,4,14,8,6,12,20,7,3,1,5,2,9,14,3,0,1,11,5,3,0,5,3,1,0,6,5,31,6,2,3,15,8,2,39,21,2,2,2,2,11,0,7,6,4,19,16,40,8,28,38,31,24,2,15,0,24,6,2,9,9,23,7,6,19,7,31,33,19,28,31,10,4,7,40,27,20,26,4,6,4,1,17
06:02:08,1,2,2,16,28,28,16,13,29,32,25,15,14,29,25,9,16,17,8,4,14,8,6,12,20,7,3,1,5,2,9,14,3,0,1,11,5,3,0,5,3,1,0,6,5,31,6,2,3,15,8,2,39,21,2,2,2,2,11,0,7,6,4,19,16,40,8,28,38,31,24,2,15,0,24,6,2,9,9,23,7,6,19,7,31,33,19,28,31,10,4,7,40,27,20,26,4,6,4,1,17
06:04:09,1,3,2,17,28,28,15,11,29,30,25,14,14,26,25,10,15,17,7,5,13,8,6,12,20,7,5,0,4,2,10,16,3,0,1,11,6,3,0,5,4,1,0,6,6,30,8,2,2,15,9,2,39,21,2,2,2,3,11,0,9,6,4,19,18,40,8,28,39,30,24,2,16,0,24,6,2,10,9,23,7,7,18,7,31,33,19,28,35,11,4,6,40,27,20,26,6,6,4,1,17
06:06:09,1,3,2,17,28,28,15,11,29,30,25,14,14,26,25,10,15,17,7,5,13,8,6,12,20,7,5,0,4,2,10,16,3,0,1,11,6,3,0,5,4,1,0,6,6,30,8,2,2,15,9,2,39,21,2,2,2,3,11,0,9,6,4,19,18,40,8,28,39,30,24,2,16,0,24,6,2,10,9,23,7,7,18,7,31,33,19,28,35,11,4,6,40,27,20,26,6,6,4,1,17
06:08:09,1,3,2,17,26,27,15,11,29,29,25,15,14,26,25,11,15,19,8,5,13,9,6,12,18,7,6,0,4,1,10,16,3,1,1,9,0,3,1,5,4,3,0,8,6,27,10,2,2,15,8,3,39,18,2,2,2,4,10,1,3,6,4,19,18,40,9,28,39,30,23,2,16,0,24,6,2,10,9,22,7,8,18,5,31,32,19,28,37,13,4,6,40,27,20,25,6,6,4,1,18
06:10:08,0,3,2,18,26,27,13,13,29,26,23,15,15,26,25,11,15,18,8,5,13,9,7,12,17,9,6,0,4,1,10,16,3,1,3,8,0,3,2,6,4,3,1,8,6,27,10,2,2,16,6,3,39,18,2,1,3,4,14,1,3,6,4,19,20,40,9,27,39,29,23,2,18,0,24,6,2,10,9,21,7,9,18,4,29,32,18,28,37,13,4,6,40,27,20,25,6,6,4,1,18
06:12:09,2,3,2,18,26,27,11,13,29,24,23,15,15,23,25,12,14,18,7,2,13,11,7,12,15,9,6,0,4,1,10,16,3,2,5,8,0,3,2,7,4,4,1,8,6,26,7,3,1,17,7,2,39,19,2,1,3,4,15,1,2,6,4,19,21,40,9,27,39,29,23,2,18,0,24,6,5,10,11,19,5,9,18,4,29,32,16,27,37,13,4,6,40,26,19,25,6,6,5,1,18
06:14:09,2,3,2,18,26,27,11,13,29,24,23,15,15,23,25,12,14,18,7,2,13,11,7,12,15,9,6,0,4,1,10,16,3,2,5,8,0,3,2,7,4,4,1,8,6,26,7,3,1,17,7,2,39,19,2,1,3,4,15,1,2,6,4,19,21,40,9,27,39,29,23,2,18,0,24,6,5,10,11,19,5,9,18,4,29,32,16,27,37,13,4,6,40,26,19,25,6,6,5,1,18
06:16:09,2,3,2,19,26,26,10,13,29,19,23,15,23,20,25,8,11,16,8,2,13,11,8,11,13,9,7,0,5,1,10,15,4,2,5,12,0,3,2,8,4,3,3,9,6,26,5,4,0,17,8,1,39,18,2,1,4,5,16,2,2,6,5,19,20,40,10,27,38,29,22,3,18,0,24,8,5,9,11,19,6,9,18,4,29,32,15,27,37,14,4,5,40,26,19,25,6,5,6,1,20
06:18:08,2,3,2,21,24,26,10,13,29,19,23,15,24,18,25,8,11,14,10,2,13,12,8,11,13,9,8,0,5,1,10,15,4,2,5,16,0,3,2,8,4,0,3,9,6,27,6,4,0,17,8,0,39,18,2,1,2,6,16,0,2,5,5,19,24,40,10,26,38,29,22,4,18,0,24,9,8,9,11,18,8,9,18,3,28,31,15,27,37,15,4,5,40,26,19,25,6,5,6,1,20
06:20:09,2,3,2,21,24,26,10,13,29,19,23,15,24,18,25,8,11,14,10,2,13,12,8,11,13,9,8,0,5,1,10,15,4,2,5,16,0,3,2,8,4,0,3,9,6,27,6,4,0,17,8,0,39,18,2,1,2,6,16,0,2,5,5,19,24,40,10,26,38,29,22,4,18,0,24,9,8,9,11,18,8,9,18,3,28,31,15,27,37,15,4,5,40,26,19,25,6,5,6,1,20
06:22:09,2,4,2,21,25,26,10,13,29,13,23,15,24,13,25,8,10,12,12,2,13,13,8,11,13,10,8,0,7,0,10,16,4,0,3,16,0,4,2,8,4,0,3,10,6,28,6,5,0,17,8,1,39,17,3,2,2,7,16,1,4,3,5,18,24,40,10,26,38,29,23,5,18,0,24,6,9,12,10,16,7,10,18,3,28,30,15,27,37,15,4,5,40,26,19,25,6,5,9,1,20
06:24:08,2,4,2,21,25,26,10,11,28,12,23,15,24,14,26,8,10,11,14,1,13,13,9,11,12,11,8,0,6,0,10,16,4,1,4,15,0,4,2,8,4,0,3,7,6,29,6,5,1,14,8,1,39,17,3,2,2,7,17,1,5,2,5,18,25,40,11,26,38,29,24,5,19,0,24,5,10,11,8,16,4,10,18,4,28,28,14,27,37,15,3,6,40,26,18,24,6,4,9,1,20
06:26:08,2,4,2,21,25,26,10,11,28,12,23,15,24,14,26,8,10,11,14,1,13,13,9,11,12,11,8,0,6,0,10,16,4,1,4,15,0,4,2,8,4,0,3,7,6,29,6,5,1,14,8,1,39,17,3,2,2,7,17,1,5,2,5,18,25,40,11,26,38,29,24,5,19,0,24,5,10,11,8,16,4,10,18,4,28,28,14,27,37,15,3,6,40,26,18,24,6,4,9,1,20
06:28:09,2,4,1,21,24,26,10,11,28,6,23,16,20,13,25,8,10,11,15,1,12,13,9,11,12,12,8,0,6,0,10,16,4,1,5,13,0,3,3,8,7,0,3,7,5,29,3,6,0,14,9,1,39,17,4,2,0,10,18,0,5,0,5,18,25,40,11,26,38,27,24,4,18,0,24,5,6,11,8,16,3,9,18,3,27,28,14,25,37,14,3,8,40,26,16,24,6,4,9,1,22
06:30:09,2,4,1,21,24,26,10,11,28,6,23,16,20,13,25,8,10,11,15,1,12,13,9,11,12,12,8,0,6,0,10,16,4,1,5,13,0,3,3,8,7,0,3,7,5,29,3,6,0,14,9,1,39,17,4,2,0,10,18,0,5,0,5,18,25,40,11,26,38,27,24,4,18,0,24,5,6,11,8,16,3,9,18,3,27,28,14,25,37,14,3,8,40,26,16,24,6,4,9,1,22
06:32:09,2,4,1,18,24,24,10,12,28,2,23,16,20,17,25,8,10,11,17,1,11,12,9,11,12,11,8,0,7,0,11,15,5,1,5,13,1,3,4,7,7,0,3,8,3,27,3,6,0,13,9,1,39,17,4,2,1,11,21,0,6,0,5,18,25,40,11,25,37,26,24,4,17,0,24,5,4,12,8,16,3,11,19,3,26,28,14,25,37,15,3,9,40,26,16,24,6,4,9,1,22
06:34:08,3,4,0,19,24,24,9,12,28,1,23,16,20,25,25,8,9,11,18,2,11,12,9,11,10,10,9,0,9,0,11,15,5,1,5,13,1,3,4,7,7,0,4,8,3,27,2,6,0,14,7,1,39,15,5,2,2,13,20,0,6,3,5,18,26,40,11,26,37,25,24,4,17,0,24,5,5,12,7,15,3,12,19,0,26,28,14,25,37,15,3,8,40,26,16,24,7,4,10,1,23
06:36:09,3,4,0,19,24,24,9,12,28,1,23,16,20,25,25,8,9,11,18,2,11,12,9,11,10,10,9,0,9,0,11,15,5,1,5,13,1,3,4,7,7,0,4,8,3,27,2,6,0,14,7,1,39,15,5,2,2,13,20,0,6,3,5,18,26,40,11,26,37,25,24,4,17,0,24,5,5,12,7,15,3,12,19,0,26,28,14,25,37,15,3,8,40,26,16,24,7,4,10,1,23
06:38:09,3,4,0,18,22,24,9,12,28,0,23,16,15,26,25,8,9,12,20,2,10,12,11,10,9,10,9,1,10,0,11,15,6,1,4,12,0,3,4,7,7,2,5,8,5,26,0,7,0,14,4,2,39,13,5,2,4,12,22,0,7,6,4,17,32,39,11,26,34,25,23,3,16,0,24,5,5,10,7,15,3,14,19,0,26,27,12,25,37,13,3,5,40,26,16,22,7,3,10,2,10
06:40:09,3,4,0,18,22,22,9,14,27,8,21,16,12,24,24,8,8,12,21,2,10,13,11,10,9,12,9,1,8,0,12,13,6,2,4,11,0,3,4,7,7,0,5,9,5,27,0,7,0,13,0,2,39,13,5,3,4,12,24,0,8,4,4,15,32,40,11,26,34,24,23,1,17,0,24,5,9,9,7,15,2,19,19,0,25,26,11,24,37,13,3,5,40,26,16,22,8,3,11,3,10
06:42:08,3,4,0,18,22,22,9,14,27,8,21,16,12,24,24,8,8,12,21,2,10,13,11,10,9,12,9,1,8,0,12,13,6,2,4,11,0,3,4,7,7,0,5,9,5,27,0,7,0,13,0,2,39,13,5,3,4,12,24,0,8,4,4,15,32,40,11,26,34,24,23,1,17,0,24,5,9,9,7,15,2,19,19,0,25,26,11,24,37,13,3,5,40,26,16,22,8,3,11,3,10
06:44:09,3,4,0,17,21,19,8,14,27,15,20,16,12,18,24,9,8,12,21,2,10,13,12,9,8,12,8,0,6,0,12,13,6,3,4,11,0,4,4,8,7,0,5,9,5,28,1,7,1,12,1,2,39,10,4,3,4,11,26,0,9,1,6,14,31,40,12,26,33,22,23,0,17,0,22,4,11,13,7,15,2,21,18,0,24,25,11,24,37,13,4,4,40,26,16,20,8,3,12,4,12
06:46:09,0,3,1,17,21,17,8,11,27,13,20,15,12,15,24,9,7,12,22,2,8,17,13,6,6,12,8,0,4,0,12,13,6,2,4,9,1,4,4,6,7,0,7,9,6,28,0,7,2,11,1,3,37,9,2,3,4,12,24,0,11,3,6,14,31,40,12,23,33,21,21,0,15,0,22,2,10,15,7,14,0,21,18,0,23,24,11,23,37,15,4,3,40,25,16,17,8,3,12,4,13
06:48:09,0,3,1,17,21,17,8,11,27,13,20,15,12,15,24,9,7,12,22,2,8,17,13,6,6,12,8,0,4,0,12,13,6,2,4,9,1,4,4,6,7,0,7,9,6,28,0,7,2,11,1,3,37,9,2,3,4,12,24,0,11,3,6,14,31,40,12,23,33,21,21,0,15,0,22,2,10,15,7,14,0,21,18,0,23,24,11,23,37,15,4,3,40,25,16,17,8,3,12,4,13
06:50:08,0,4,0,15,20,17,6,10,26,11,18,15,11,9,24,10,5,12,21,2,7,18,14,4,6,10,7,0,4,1,12,13,6,2,5,8,0,3,4,6,7,0,8,7,6,26,3,7,2,10,0,3,31,6,2,3,4,12,15,1,10,0,9,14,22,40,12,23,33,21,21,0,16,0,22,5,10,17,6,13,0,23,18,0,21,25,10,21,36,17,4,2,40,24,15,17,8,3,11,4,8
06:52:08,0,4,0,15,20,16,7,10,27,10,18,15,2,3,24,11,1,11,16,3,7,19,14,2,5,10,7,1,3,0,12,12,6,3,5,2,1,3,4,7,8,2,8,9,6,26,4,7,2,10,0,4,25,3,0,3,5,16,16,1,10,3,9,15,14,38,13,24,33,21,21,0,15,0,22,4,7,19,6,13,0,23,18,0,19,25,9,19,36,17,5,0,40,22,15,20,8,0,13,3,9
06:54:09,0,4,0,15,20,16,7,10,27,10,18,15,2,3,24,11,1,11,16,3,7,19,14,2,5,10,7,1,3,0,12,12,6,3,5,2,1,3,4,7,8,2,8,9,6,26,4,7,2,10,0,4,25,3,0,3,5,16,16,1,10,3,9,15,14,38,13,24,33,21,21,0,15,0,22,4,7,19,6,13,0,23,18,0,19,25,9,19,36,17,5,0,40,22,15,20,8,0,13,3,9
06:56:09,3,4,0,12,20,15,7,10,27,7,15,14,0,0,25,9,2,10,18,4,6,18,13,2,4,10,7,3,6,0,12,12,9,3,5,2,2,3,4,6,9,3,10,8,6,26,4,7,3,15,2,5,24,0,0,3,3,19,7,0,12,0,9,14,10,39,13,24,33,21,19,0,14,1,22,3,1,21,7,11,0,25,18,0,19,24,7,17,36,16,5,0,40,16,15,20,7,0,13,3,12
06:58:09,5,4,0,10,19,13,7,10,25,10,8,13,0,1,25,12,2,4,20,4,4,18,14,0,3,7,7,3,5,0,11,12,9,3,6,2,2,3,3,8,9,2,8,10,5,26,5,7,1,15,2,6,24,0,0,3,3,19,10,0,13,0,11,14,13,37,13,24,33,22,17,1,14,2,21,9,10,20,8,11,0,25,18,0,18,20,0,14,35,18,6,0,40,13,9,20,7,0,16,2,13
07:00:08,5,4,0,10,19,13,7,10,25,10,8,13,0,1,25,12,2,4,20,4,4,18,14,0,3,7,7,3,5,0,11,12,9,3,6,2,2,3,3,8,9,2,8,10,5,26,5,7,1,15,2,6,24,0,0,3,3,19,10,0,13,0,11,14,13,37,13,24,33,22,17,1,14,2,21,9,10,20,8,11,0,25,18,0,18,20,0,14,35,18,6,0,40,13,9,20,7,0,16,2,13
07:02:09,6,4,1,11,17,12,5,9,21,5,8,13,0,0,25,14,1,4,24,6,3,18,15,0,0,11,8,4,4,0,9,11,9,3,7,2,2,3,5,6,9,3,9,10,3,25,5,7,0,19,2,7,22,0,0,4,2,20,11,0,5,2,11,15,15,37,13,23,33,21,13,0,14,3,20,9,9,22,8,11,0,26,18,0,17,18,0,12,35,21,6,2,40,7,9,17,7,0,18,2,15
07:04:09,7,3,2,11,17,9,4,10,20,0,2,13,0,0,25,16,0,3,23,6,3,19,17,0,0,10,10,4,2,0,9,11,10,3,10,0,2,4,5,6,10,3,10,12,1,27,6,6,1,19,2,7,19,0,2,6,2,23,12,0,9,1,11,13,16,37,14,23,33,19,10,2,12,3,20,7,11,20,5,11,0,26,18,0,14,18,0,10,35,21,6,1,40,6,9,13,8,0,19,3,19
07:06:08,7,3,2,11,17,9,4,10,20,0,2,13,0,0,25,16,0,3,23,6,3,19,17,0,0,10,10,4,2,0,9,11,10,3,10,0,2,4,5,6,10,3,10,12,1,27,6,6,1,19,2,7,19,0,2,6,2,23,12,0,9,1,11,13,16,37,14,23,33,19,10,2,12,3,20,7,11,20,5,11,0,26,18,0,14,18,0,10,35,21,6,1,40,6,9,13,8,0,19,3,19
07:08:09,9,4,4,10,17,4,3,11,18,1,0,12,2,1,26,16,0,0,29,6,0,19,17,0,0,9,10,2,5,1,9,8,11,0,12,0,0,4,6,5,11,4,10,15,2,30,6,7,1,20,4,8,18,0,2,7,2,25,14,0,5,0,12,14,17,38,14,23,33,19,6,0,13,3,19,7,14,20,3,9,0,25,18,0,12,15,0,7,35,22,7,0,40,8,9,12,8,1,19,3,20
07:10:09,9,4,4,9,17,1,1,10,16,0,0,10,9,0,26,17,0,0,25,8,0,21,17,0,0,10,10,2,9,1,9,8,11,1,13,0,1,3,6,3,12,5,10,12,2,30,6,7,1,18,3,8,18,0,2,7,2,25,15,1,4,0,12,13,17,38,14,23,30,19,6,0,15,4,19,4,21,22,2,7,2,25,17,0,10,15,1,3,35,23,8,0,40,18,9,10,8,0,22,3,21
07:12:09,9,4,4,9,17,1,1,10,16,0,0,10,9,0,26,17,0,0,25,8,0,21,17,0,0,10,10,2,9,1,9,8,11,1,13,0,1,3,6,3,12,5,10,12,2,30,6,7,1,18,3,8,18,0,2,7,2,25,15,1,4,0,12,13,17,38,14,23,30,19,6,0,15,4,19,4,21,22,2,7,2,25,17,0,10,15,1,3,35,23,8,0,40,18,9,10,8,0,22,3,21
07:14:08,9,4,4,4,15,0,0,11,16,1,0,9,11,1,23,16,0,0,23,9,0,23,17,1,0,13,10,0,10,1,8,8,11,1,14,0,1,4,7,6,12,5,11,11,2,30,8,7,3,13,5,9,11,0,1,12,0,28,16,1,6,3,13,13,20,39,14,22,28,18,4,1,17,4,17,4,24,19,0,5,2,27,15,0,7,15,1,2,33,27,9,0,40,19,9,9,9,0,21,3,24
07:16:08,8,5,7,2,14,0,0,9,16,7,0,9,10,0,20,16,0,0,23,12,0,26,17,1,5,12,12,1,14,1,8,7,10,0,15,0,2,4,8,8,13,5,11,11,2,31,7,6,3,7,4,9,9,0,1,12,2,27,16,0,7,2,13,9,22,37,14,22,25,17,2,2,14,4,16,3,26,17,0,4,0,29,15,0,4,15,1,0,33,26,10,2,39,19,8,9,9,0,22,2,23
07:18:09,8,5,7,2,14,0,0,9,16,7,0,9,10,0,20,16,0,0,23,12,0,26,17,1,5,12,12,1,14,1,8,7,10,0,15,0,2,4,8,8,13,5,11,11,2,31,7,6,3,7,4,9,9,0,1,12,2,27,16,0,7,2,13,9,22,37,14,22,25,17,2,2,14,4,16,3,26,17,0,4,0,29,15,0,4,15,1,0,33,26,10,2,39,19,8,9,9,0,22,2,23
07:20:08,9,6,7,0,12,0,0,9,16,7,0,9,10,0,16,16,0,0,20,11,1,26,17,1,13,13,12,1,14,0,8,6,10,0,19,0,0,4,9,9,15,4,10,12,0,31,8,6,3,1,6,8,7,1,1,12,2,30,19,0,12,0,13,6,23,37,14,20,23,16,0,2,13,4,16,1,28,15,1,3,0,29,14,0,3,10,3,0,30,27,10,7,39,17,7,6,10,1,21,2,23
07:22:08,9,6,7,0,12,0,0,9,16,7,0,9,10,0,16,16,0,0,20,11,1,26,17,1,13,13,12,1,14,0,8,6,10,0,19,0,0,4,9,9,15,4,10,12,0,31,8,6,3,1,6,8,7,1,1,12,2,30,19,0,12,0,13,6,23,37,14,20,23,16,0,2,13,4,16,1,28,15,1,3,0,29,14,0,3,10,3,0,30,27,10,7,39,17,7,6,10,1,21,2,23
07:24:09,11,6,8,0,8,0,1,6,16,4,0,9,7,2,10,17,1,0,21,10,1,26,18,1,17,14,13,3,10,1,7,6,10,1,20,0,0,4,11,9,18,0,9,14,2,31,9,4,3,3,7,8,4,1,2,13,2,32,21,0,14,0,15,4,24,35,16,20,22,16,0,3,13,4,14,1,30,17,1,3,0,28,11,0,0,7,3,0,30,27,10,8,39,14,6,5,8,2,21,2,23
07:26:09,13,6,9,0,6,0,0,5,15,4,0,8,6,7,5,17,0,0,21,13,1,26,18,0,16,17,15,3,9,2,7,5,10,1,21,0,1,4,12,9,19,0,7,16,0,28,6,4,2,3,8,6,4,0,4,13,2,32,26,0,10,2,16,2,26,34,17,19,22,16,0,3,12,4,13,2,30,18,1,0,0,30,10,0,0,7,3,0,30,29,10,7,38,13,4,3,9,1,19,2,24
07:28:09,13,6,9,0,6,0,0,5,15,4,0,8,6,7,5,17,0,0,21,13,1,26,18,0,16,17,15,3,9,2,7,5,10,1,21,0,1,4,12,9,19,0,7,16,0,28,6,4,2,3,8,6,4,0,4,13,2,32,26,0,10,2,16,2,26,34,17,19,22,16,0,3,12,4,13,2,30,18,1,0,0,30,10,0,0,7,3,0,30,29,10,7,38,13,4,3,9,1,19,2,24
07:30:08,15,6,8,0,4,0,0,4,15,0,0,8,4,5,0,17,0,0,19,13,1,30,16,1,13,18,17,2,14,2,8,5,10,0,22,0,0,4,13,9,22,0,7,17,1,28,4,3,2,2,9,8,4,0,4,15,3,39,26,1,15,1,17,1,24,31,17,17,20,16,0,0,11,3,13,7,29,21,2,2,0,31,9,0,0,4,3,0,30,32,10,8,37,13,3,3,11,0,19,0,25
07:32:09,17,9,11,0,0,0,0,3,12,2,0,8,4,0,0,18,0,0,19,13,0,30,16,1,12,17,18,0,14,4,8,5,11,2,23,0,0,3,13,7,22,0,7,15,3,26,2,2,6,0,9,8,3,0,3,15,2,39,29,1,17,3,15,0,24,29,18,16,19,16,0,3,12,1,11,5,29,21,2,2,1,30,4,1,0,4,2,0,29,34,10,10,37,8,3,2,12,0,19,0,26
07:34:09,17,9,11,0,0,0,0,3,12,2,0,8,4,0,0,18,0,0,19,13,0,30,16,1,12,17,18,0,14,4,8,5,11,2,23,0,0,3,13,7,22,0,7,15,3,26,2,2,6,0,9,8,3,0,3,15,2,39,29,1,17,3,15,0,24,29,18,16,19,16,0,3,12,1,11,5,29,21,2,2,1,30,4,1,0,4,2,0,29,34,10,10,37,8,3,2,12,0,19,0,26
07:36:09,15,9,10,0,0,0,0,0,10,0,0,6,2,0,0,18,0,1,18,16,0,33,15,0,5,14,19,1,15,4,7,5,10,0,25,0,0,0,16,7,21,0,7,16,5,27,0,2,8,2,10,8,0,0,4,15,4,40,28,0,18,7,15,1,25,22,20,16,19,16,0,1,13,0,9,9,28,24,0,2,0,28,2,0,0,3,0,0,29,37,10,10,35,6,0,1,12,0,18,0,26
07:38:08,17,8,10,0,0,0,0,0,9,0,0,4,0,0,0,19,0,0,22,17,0,35,14,1,4,18,16,0,17,8,5,4,11,2,26,0,0,0,16,6,26,0,8,20,5,27,0,2,12,3,19,8,0,1,2,16,3,39,30,0,19,9,15,0,27,16,21,14,19,16,0,4,9,0,9,5,30,25,0,0,1,26,0,0,1,0,0,0,26,37,10,14,35,5,0,2,11,0,15,1,27
07:40:09,17,8,10,0,0,0,0,0,9,0,0,4,0,0,0,19,0,0,22,17,0,35,14,1,4,18,16,0,17,8,5,4,11,2,26,0,0,0,16,6,26,0,8,20,5,27,0,2,12,3,19,8,0,1,2,16,3,39,30,0,19,9,15,0,27,16,21,14,19,16,0,4,9,0,9,5,30,25,0,0,1,26,0,0,1,0,0,0,26,37,10,14,35,5,0,2,11,0,15,1,27
07:42:09,16,8,8,0,0,0,1,0,7,0,0,0,0,0,0,20,0,0,24,19,1,37,13,0,1,22,15,1,19,8,4,4,13,1,26,0,0,0,16,7,24,0,8,21,3,27,0,1,14,0,17,6,0,0,2,17,2,40,25,0,23,13,17,0,25,12,22,15,17,11,0,2,5,0,10,4,29,24,0,0,1,26,0,0,0,0,0,0,18,39,10,18,32,3,0,1,12,0,13,0,19
07:44:09,17,9,6,0,0,0,0,0,5,2,0,0,0,0,0,20,0,0,24,19,0,38,14,0,0,18,13,0,16,9,3,2,14,0,20,0,0,0,16,4,27,1,9,22,4,27,0,1,13,3,17,3,0,0,0,17,3,40,28,2,25,17,17,0,21,7,23,14,16,10,0,0,4,1,8,1,29,23,0,1,0,25,0,0,0,0,0,0,10,39,12,19,29,0,0,2,13,0,12,0,20
07:46:09,17,9,6,0,0,0,0,0,5,2,0,0,0,0,0,20,0,0,24,19,0,38,14,0,0,18,13,0,16,9,3,2,14,0,20,0,0,0,16,4,27,1,9,22,4,27,0,1,13,3,17,3,0,0,0,17,3,40,28,2,25,17,17,0,21,7,23,14,16,10,0,0,4,1,8,1,29,23,0,1,0,25,0,0,0,0,0,0,10,39,12,19,29,0,0,2,13,0,12,0,20
07:48:08,18,9,6,0,0,0,0,0,5,1,0,0,1,0,0,21,0,0,23,18,0,39,14,0,0,22,14,1,18,10,2,2,17,1,17,0,0,1,16,5,27,2,9,23,7,22,2,1,13,3,13,0,0,0,0,19,2,29,21,1,25,22,18,1,19,9,22,13,12,11,0,2,5,1,5,0,30,23,0,1,0,26,0,0,0,0,0,0,9,38,11,17,26,1,0,4,15,0,11,0,11
07:50:08,20,9,6,0,0,0,0,0,4,1,0,0,0,1,0,24,0,0,23,17,0,40,14,0,2,21,16,1,20,12,0,0,15,0,16,0,0,0,18,5,29,3,9,22,5,22,1,1,14,3,16,1,0,1,0,20,4,25,17,2,29,25,16,4,24,7,20,10,9,11,0,2,5,0,3,4,29,24,0,0,0,28,0,0,0,0,0,0,8,40,11,14,24,0,0,3,19,0,14,0,11
07:52:09,20,9,6,0,0,0,0,0,4,1,0,0,0,1,0,24,0,0,23,17,0,40,14,0,2,21,16,1,20,12,0,0,15,0,16,0,0,0,18,5,29,3,9,22,5,22,1,1,14,3,16,1,0,1,0,20,4,25,17,2,29,25,16,4,24,7,20,10,9,11,0,2,5,0,3,4,29,24,0,0,0,28,0,0,0,0,0,0,8,40,11,14,24,0,0,3,19,0,14,0,11
07:54:09,24,8,9,0,0,0,0,0,3,2,0,0,0,0,0,25,0,0,21,14,0,39,16,0,0,23,16,0,21,13,0,0,16,1,12,0,1,0,19,3,34,3,9,22,5,19,2,2,17,1,15,0,0,0,1,20,5,28,18,0,35,28,14,2,20,3,20,5,7,9,0,6,6,0,2,5,29,29,0,0,0,27,0,0,0,0,1,0,7,40,11,12,20,0,0,2,16,0,17,0,11
07:56:09,25,9,11,0,0,0,0,0,1,0,0,0,0,0,0,28,0,3,26,13,0,40,17,0,0,27,15,2,21,14,0,0,19,0,13,0,3,0,21,2,37,2,10,26,11,17,6,2,23,1,13,1,0,2,0,22,5,30,25,0,38,26,15,2,19,2,22,5,7,9,0,9,4,0,0,6,29,30,0,0,0,26,0,0,0,0,0,1,7,40,12,13,18,0,0,1,15,0,18,0,15
07:58:08,25,9,11,0,0,0,0,0,1,0,0,0,0,0,0,28,0,3,26,13,0,40,17,0,0,27,15,2,21,14,0,0,19,0,13,0,3,0,21,2,37,2,10,26,11,17,6,2,23,1,13,1,0,2,0,22,5,30,25,0,38,26,15,2,19,2,22,5,7,9,0,9,4,0,0,6,29,30,0,0,0,26,0,0,0,0,0,1,7,40,12,13,18,0,0,1,15,0,18,0,15
08:00:08,26,10,12,0,0,0,0,0,1,0,1,0,0,0,0,28,0,0,28,11,0,40,19,0,0,31,16,1,25,14,0,0,23,2,15,0,3,1,25,1,37,0,11,24,10,11,5,3,25,2,16,3,0,0,0,25,6,30,31,0,38,25,16,2,21,2,21,5,8,9,0,10,4,0,1,8,30,31,0,0,0,26,0,0,2,0,0,2,4,40,12,13,16,0,0,2,15,0,19,0,15
08:02:09,26,10,13,1,0,0,0,0,1,1,0,0,0,0,0,28,0,0,30,11,0,40,19,0,0,34,19,2,25,13,0,0,29,0,15,1,0,0,27,4,39,0,10,25,11,8,6,4,29,4,17,6,0,0,0,25,6,30,34,0,39,21,17,3,12,0,21,5,5,7,0,11,4,1,2,8,30,30,0,1,0,25,0,0,0,0,0,2,0,40,12,13,15,0,0,4,17,0,19,0,14
08:04:09,26,10,13,1,0,0,0,0,1,1,0,0,0,0,0,28,0,0,30,11,0,40,19,0,0,34,19,2,25,13,0,0,29,0,15,1,0,0,27,4,39,0,10,25,11,8,6,4,29,4,17,6,0,0,0,25,6,30,34,0,39,21,17,3,12,0,21,5,5,7,0,11,4,1,2,8,30,30,0,1,0,25,0,0,0,0,0,2,0,40,12,13,15,0,0,4,17,0,19,0,14
08:06:08,27,11,15,0,0,0,0,1,1,10,0,0,0,3,0,29,0,0,30,15,1,40,19,0,0,35,21,0,25,16,0,0,29,0,16,1,0,1,28,6,39,1,12,26,12,11,4,5,30,4,18,6,0,0,3,27,7,37,38,0,40,20,17,2,10,0,21,3,4,6,0,13,2,1,0,11,28,31,0,1,0,25,0,0,0,0,0,0,0,40,12,14,14,0,0,6,17,0,20,0,15
08:08:08,29,13,17,0,0,0,0,0,1,8,0,0,0,6,0,29,0,0,29,16,0,40,19,0,0,34,21,0,29,16,0,0,29,2,18,0,0,4,28,4,39,0,12,28,9,4,5,5,29,5,18,6,0,0,3,27,6,37,40,2,40,23,17,2,2,1,23,2,0,6,0,17,2,1,1,10,29,31,0,0,0,25,0,0,0,0,0,0,0,39,14,18,13,0,0,6,17,0,21,0,17
08:10:08,29,13,17,0,0,0,0,0,1,8,0,0,0,6,0,29,0,0,29,16,0,40,19,0,0,34,21,0,29,16,0,0,29,2,18,0,0,4,28,4,39,0,12,28,9,4,5,5,29,5,18,6,0,0,3,27,6,37,40,2,40,23,17,2,2,1,23,2,0,6,0,17,2,1,1,10,29,31,0,0,0,25,0,0,0,0,0,0,0,39,14,18,13,0,0,6,17,0,21,0,17
08:12:09,30,13,17,0,0,0,0,1,1,7,0,0,0,7,0,30,0,0,29,16,0,40,20,0,0,34,18,0,30,16,0,0,30,2,19,0,0,4,29,4,39,2,12,26,10,4,3,5,30,4,17,5,0,0,4,29,6,36,40,2,40,24,17,0,2,0,23,2,0,6,0,19,2,1,1,12,30,33,0,2,0,24,0,0,0,0,0,0,0,39,15,18,13,0,0,7,17,0,21,0,17
08:14:09,31,13,23,0,0,0,0,2,0,3,0,0,10,4,0,29,0,0,23,18,0,40,20,0,0,32,19,1,31,16,0,0,30,0,23,0,0,5,30,5,40,2,13,26,10,0,0,3,30,5,16,7,1,0,6,29,8,39,40,4,40,23,18,2,5,0,24,2,0,4,10,25,3,0,1,15,30,36,0,2,0,22,0,0,0,0,0,0,0,39,16,22,12,0,0,7,17,0,19,0,22
08:16:08,31,13,23,0,0,0,0,2,0,3,0,0,10,4,0,29,0,0,23,18,0,40,20,0,0,32,19,1,31,16,0,0,30,0,23,0,0,5,30,5,40,2,13,26,10,0,0,3,30,5,16,7,1,0,6,29,8,39,40,4,40,23,18,2,5,0,24,2,0,4,10,25,3,0,1,15,30,36,0,2,0,22,0,0,0,0,0,0,0,39,16,22,12,0,0,7,17,0,19,0,22
08:18:09,34,14,24,0,0,0,0,2,0,2,0,0,10,3,0,30,2,1,23,18,0,40,20,0,0,33,19,0,32,12,1,0,30,1,24,0,1,4,30,7,40,3,13,26,11,0,2,2,30,7,16,7,1,0,6,29,8,40,39,4,39,23,18,4,6,0,23,3,0,2,16,26,4,0,0,16,30,40,0,4,0,22,0,0,1,0,0,1,0,39,17,21,12,1,0,7,17,0,21,4,22
08:20:09,35,14,26,0,0,0,0,2,0,1,1,0,9,3,0,30,0,1,21,19,0,39,20,0,0,33,20,1,36,13,2,1,30,1,24,0,2,3,30,9,40,4,14,27,13,0,2,2,30,8,15,4,1,0,7,29,8,40,39,3,40,24,19,4,4,0,23,2,0,0,18,28,3,0,0,20,30,40,0,5,0,23,0,0,2,0,0,1,0,38,19,20,10,5,0,7,17,0,23,3,23
08:22:09,35,14,26,0,0,0,0,2,0,1,1,0,9,3,0,30,0,1,21,19,0,39,20,0,0,33,20,1,36,13,2,1,30,1,24,0,2,3,30,9,40,4,14,27,13,0,2,2,30,8,15,4,1,0,7,29,8,40,39,3,40,24,19,4,4,0,23,2,0,0,18,28,3,0,0,20,30,40,0,5,0,23,0,0,2,0,0,1,0,38,19,20,10,5,0,7,17,0,23,3,23
08:24:09,35,15,27,0,0,0,0,2,0,0,1,0,9,0,0,30,2,0,22,19,0,40,20,0,1,33,21,0,36,13,2,0,30,1,24,0,2,3,30,10,40,4,14,27,13,0,0,2,30,8,14,4,0,0,7,29,11,40,39,2,39,23,19,5,4,0,23,1,0,0,18,29,3,0,0,21,26,40,0,6,0,23,0,0,3,0,2,0,0,37,20,20,9,9,0,5,18,0,27,3,24
08:26:08,35,16,28,0,0,0,0,3,0,0,1,0,6,0,0,30,2,0,23,18,0,40,19,0,1,33,22,3,39,11,0,0,23,0,26,0,0,2,30,10,40,3,14,27,14,0,3,2,30,7,16,5,0,1,7,29,10,40,38,2,40,24,19,6,2,1,22,1,0,0,18,30,4,0,1,21,29,40,0,5,0,21,0,0,3,0,0,0,0,37,21,20,7,9,0,7,19,0,27,3,24
08:28:08,35,16,28,0,0,0,0,3,0,0,1,0,6,0,0,30,2,0,23,18,0,40,19,0,1,33,22,3,39,11,0,0,23,0,26,0,0,2,30,10,40,3,14,27,14,0,3,2,30,7,16,5,0,1,7,29,10,40,38,2,40,24,19,6,2,1,22,1,0,0,18,30,4,0,1,21,29,40,0,5,0,21,0,0,3,0,0,0,0,37,21,20,7,9,0,7,19,0,27,3,24
08:30:09,34,17,30,0,0,0,0,4,0,0,3,0,8,1,0,30,2,0,28,19,0,40,19,0,0,34,22,3,39,11,0,0,18,0,27,0,0,2,30,9,39,3,14,29,14,2,1,2,30,7,16,6,0,1,7,29,11,40,38,2,40,24,18,5,3,1,22,1,0,0,17,30,5,0,1,23,29,39,0,5,0,20,0,2,2,0,0,0,0,37,21,19,7,10,0,7,20,0,27,3,25
08:32:09,34,17,30,0,0,0,0,4,0,0,2,0,13,0,0,30,3,0,27,19,0,39,17,0,0,36,23,3,36,12,0,0,20,0,28,0,0,4,29,8,34,3,14,29,15,3,1,2,30,9,15,5,0,0,6,29,14,40,38,2,39,25,18,6,3,1,22,1,0,0,17,30,3,0,1,23,30,40,0,5,0,20,0,2,3,0,0,0,0,37,23,20,7,10,0,5,21,0,26,3,25
08:34:09,34,17,30,0,0,0,0,4,0,0,2,0,13,0,0,30,3,0,27,19,0,39,17,0,0,36,23,3,36,12,0,0,20,0,28,0,0,4,29,8,34,3,14,29,15,3,1,2,30,9,15,5,0,0,6,29,14,40,38,2,39,25,18,6,3,1,22,1,0,0,17,30,3,0,1,23,30,40,0,5,0,20,0,2,3,0,0,0,0,37,23,20,7,10,0,5,21,0,26,3,25
08:36:09,34,17,31,0,0,0,0,4,0,2,0,0,15,2,0,29,3,0,27,19,0,40,17,0,1,37,24,3,37,13,1,0,20,0,28,0,0,4,25,6,36,2,14,30,15,2,2,2,30,9,16,5,0,0,6,30,14,40,39,4,39,24,18,7,3,0,23,0,1,0,17,30,1,0,1,26,30,40,1,4,0,21,0,2,3,0,0,2,0,37,26,22,7,8,0,5,22,0,26,3,27
08:38:08,34,17,32,0,0,0,0,4,0,0,0,0,16,2,0,29,2,0,29,19,0,39,17,0,1,37,24,5,38,14,1,0,20,0,28,0,0,2,25,7,38,2,14,30,16,2,4,2,30,6,16,4,0,0,7,31,16,40,39,5,39,25,18,7,4,1,23,1,2,0,17,34,2,0,2,28,30,39,2,2,0,22,0,2,3,0,0,2,0,37,26,22,5,8,0,5,23,0,26,3,27
08:40:09,34,17,32,0,0,0,0,4,0,0,0,0,16,2,0,29,2,0,29,19,0,39,17,0,1,37,24,5,38,14,1,0,20,0,28,0,0,2,25,7,38,2,14,30,16,2,4,2,30,6,16,4,0,0,7,31,16,40,39,5,39,25,18,7,4,1,23,1,2,0,17,34,2,0,2,28,30,39,2,2,0,22,0,2,3,0,0,2,0,37,26,22,5,8,0,5,23,0,26,3,27
08:42:09,34,17,32,0,0,0,0,4,0,0,0,0,16,2,1,30,1,1,29,19,0,39,19,0,0,38,24,2,38,13,0,0,20,1,28,1,0,2,25,7,39,2,15,30,17,0,3,2,30,5,17,2,0,0,7,32,17,40,38,5,39,25,18,4,6,2,23,2,2,0,15,35,0,0,3,28,30,40,2,1,0,22,0,0,1,0,0,2,0,37,26,22,5,7,0,5,23,0,26,3,27
08:44:09,35,17,32,0,0,0,1,2,0,4,0,0,14,6,1,30,4,0,28,19,0,39,19,0,0,38,24,0,38,13,0,0,20,2,28,1,0,2,25,6,40,0,15,28,15,1,3,2,30,6,17,1,0,0,6,32,17,39,38,5,39,28,18,4,5,2,23,2,2,0,14,36,0,0,3,25,30,40,2,0,0,22,0,0,0,0,0,2,0,36,27,21,5,7,0,6,22,0,26,3,29
08:46:09,35,17,32,0,0,0,1,2,0,4,0,0,14,6,1,30,4,0,28,19,0,39,19,0,0,38,24,0,38,13,0,0,20,2,28,1,0,2,25,6,40,0,15,28,15,1,3,2,30,6,17,1,0,0,6,32,17,39,38,5,39,28,18,4,5,2,23,2,2,0,14,36,0,0,3,25,30,40,2,0,0,22,0,0,0,0,0,2,0,36,27,21,5,7,0,6,22,0,26,3,29
08:48:08,35,16,33,0,0,0,0,3,0,13,0,0,14,5,1,30,4,8,25,19,0,39,19,0,0,40,24,0,39,13,0,0,20,2,28,0,0,2,28,6,40,1,16,28,15,0,2,3,29,5,18,1,0,1,6,32,20,39,38,5,40,28,17,4,5,2,24,2,0,0,14,36,0,0,4,27,30,40,2,1,0,22,0,0,0,0,0,2,0,37,28,19,2,7,0,6,23,0,25,3,30
08:50:08,35,16,33,0,0,0,0,3,0,13,0,0,14,5,1,30,4,8,25,19,0,39,19,0,0,40,24,0,39,13,0,0,20,2,28,0,0,2,28,6,40,1,16,28,15,0,2,3,29,5,18,1,0,1,6,32,20,39,38,5,40,28,17,4,5,2,24,2,0,0,14,36,0,0,4,27,30,40,2,1,0,22,0,0,0,0,0,2,0,37,28,19,2,7,0,6,23,0,25,3,30
08:52:09,35,16,33,0,0,0,0,3,0,14,0,0,14,4,1,30,2,8,26,18,0,39,19,1,0,40,24,0,40,13,2,0,21,3,28,0,1,2,29,7,40,0,16,30,14,2,3,3,30,5,16,0,0,1,6,32,20,40,27,5,40,29,17,4,6,2,24,2,0,0,13,37,1,0,5,26,30,40,2,1,0,22,0,0,0,0,0,2,0,37,29,21,0,6,0,4,23,0,25,3,30
08:54:09,35,16,33,0,0,0,0,3,0,12,0,0,14,4,1,30,1,6,24,18,1,39,20,1,0,40,17,1,40,13,2,0,22,3,28,0,1,2,29,7,40,0,16,30,14,2,3,3,30,6,14,1,0,2,6,32,20,40,21,4,38,30,18,4,6,0,24,2,0,0,13,37,2,0,3,27,30,40,0,1,0,24,0,0,0,0,0,1,0,37,30,21,0,6,0,3,23,0,25,3,30
08:56:09,35,16,33,0,0,0,0,3,0,12,0,0,14,4,1,30,1,6,24,18,1,39,20,1,0,40,17,1,40,13,2,0,22,3,28,0,1,2,29,7,40,0,16,30,14,2,3,3,30,6,14,1,0,2,6,32,20,40,21,4,38,30,18,4,6,0,24,2,0,0,13,37,2,0,3,27,30,40,0,1,0,24,0,0,0,0,0,1,0,37,30,21,0,6,0,3,23,0,25,3,30
08:58:08,35,16,33,0,0,0,0,3,0,12,0,1,14,3,1,30,4,5,24,18,1,40,20,1,1,39,17,3,40,13,2,0,23,2,27,1,1,2,29,7,40,0,15,30,14,2,4,3,30,9,16,1,0,2,5,32,21,40,22,3,39,31,18,4,6,0,24,3,0,0,13,37,3,0,3,28,30,39,0,1,0,25,0,0,0,0,0,1,0,37,30,22,0,6,0,2,23,0,25,3,30
09:00:08,35,16,33,0,0,0,0,3,0,11,1,1,10,2,1,30,4,5,22,17,1,40,20,1,0,39,14,3,40,14,2,0,23,3,27,1,2,2,29,10,40,0,15,29,14,2,4,2,30,10,15,1,0,4,4,33,22,40,21,5,40,31,18,5,6,0,23,3,0,0,12,38,3,0,3,28,21,40,0,0,0,25,0,0,1,0,0,1,0,37,30,23,0,6,0,2,23,0,27,3,29
09:02:09,35,16,33,0,0,0,0,3,0,11,1,1,10,2,1,30,4,5,22,17,1,40,20,1,0,39,14,3,40,14,2,0,23,3,27,1,2,2,29,10,40,0,15,29,14,2,4,2,30,10,15,1,0,4,4,33,22,40,21,5,40,31,18,5,6,0,23,3,0,0,12,38,3,0,3,28,21,40,0,0,0,25,0,0,1,0,0,1,0,37,30,23,0,6,0,2,23,0,27,3,29
09:04:09,34,15,34,0,0,0,0,3,0,12,1,1,9,2,1,30,4,5,22,17,1,40,20,1,1,39,12,3,40,14,2,1,25,3,27,1,2,2,29,9,40,0,17,28,14,0,4,2,30,12,15,2,0,4,2,33,23,40,22,5,40,31,18,6,8,0,23,3,0,0,11,38,5,0,3,27,21,39,0,0,0,26,0,0,1,0,0,1,0,37,30,23,0,6,0,2,23,0,28,3,29
09:06:08,33,15,35,0,0,0,1,3,0,12,2,1,9,2,1,30,5,5,20,17,1,40,20,1,0,39,11,3,40,14,0,0,26,4,23,1,2,2,29,9,40,1,16,28,14,0,4,2,30,13,15,2,0,2,0,34,23,40,22,6,39,31,19,6,8,0,22,3,0,1,11,38,5,0,3,27,18,39,0,0,0,27,0,0,3,0,0,1,0,37,30,23,0,6,0,2,23,0,29,3,26
09:08:09,33,15,35,0,0,0,1,3,0,12,2,1,9,2,1,30,5,5,20,17,1,40,20,1,0,39,11,3,40,14,0,0,26,4,23,1,2,2,29,9,40,1,16,28,14,0,4,2,30,13,15,2,0,2,0,34,23,40,22,6,39,31,19,6,8,0,22,3,0,1,11,38,5,0,3,27,18,39,0,0,0,27,0,0,3,0,0,1,0,37,30,23,0,6,0,2,23,0,29,3,26
09:10:09,33,15,35,0,0,0,0,4,0,10,2,1,9,2,1,30,5,5,20,19,1,40,20,1,0,39,11,3,40,15,0,0,27,4,23,0,2,2,29,9,40,0,16,27,15,2,4,2,30,13,15,2,0,2,0,34,23,40,24,7,40,31,19,6,8,0,22,2,0,2,11,38,6,0,3,27,17,38,0,1,0,28,0,0,3,0,1,1,0,37,30,24,0,6,0,3,23,1,30,4,26
09:12:09,33,15,36,0,0,0,0,5,0,8,2,1,9,0,0,30,5,5,20,19,1,38,20,1,0,40,10,3,39,16,0,0,27,4,19,0,1,3,29,10,40,0,16,27,15,2,6,2,30,13,16,1,0,2,0,34,23,40,24,7,40,32,19,6,7,0,22,2,0,2,10,39,6,0,3,26,18,37,0,0,0,28,0,0,3,0,0,1,0,37,30,24,0,6,1,3,23,1,30,4,26
09:14:08,33,15,36,0,0,0,0,5,0,8,2,1,9,0,0,30,5,5,20,19,1,38,20,1,0,40,10,3,39,16,0,0,27,4,19,0,1,3,29,10,40,0,16,27,15,2,6,2,30,13,16,1,0,2,0,34,23,40,24,7,40,32,19,6,7,0,22,2,0,2,10,39,6,0,3,26,18,37,0,0,0,28,0,0,3,0,0,1,0,37,30,24,0,6,1,3,23,1,30,4,26
09:16:09,33,15,36,0,0,0,0,5,0,7,2,1,8,0,0,29,4,5,20,18,1,36,20,1,6,39,11,3,39,16,1,0,28,4,17,0,0,3,29,10,39,1,16,26,15,2,6,2,30,13,16,1,0,0,0,34,22,40,24,7,40,34,20,6,7,0,21,1,0,2,10,39,6,0,3,26,18,34,0,0,1,28,0,0,3,0,0,1,0,37,30,24,0,6,0,3,23,1,30,5,26
09:18:09,33,14,36,0,0,0,0,5,0,7,2,0,8,0,0,29,4,5,22,18,1,30,20,1,12,39,12,3,39,16,1,0,28,4,16,0,1,3,29,11,39,1,17,23,15,2,6,3,30,12,16,1,0,0,0,34,22,40,24,9,40,34,20,6,5,1,21,0,0,2,10,39,6,0,3,26,19,36,0,0,1,28,0,0,3,0,0,1,0,36,30,24,0,6,0,0,23,1,30,5,26
09:20:08,33,14,36,0,0,0,0,5,0,7,2,0,8,0,0,29,4,5,22,18,1,30,20,1,12,39,12,3,39,16,1,0,28,4,16,0,1,3,29,11,39,1,17,23,15,2,6,3,30,12,16,1,0,0,0,34,22,40,24,9,40,34,20,6,5,1,21,0,0,2,10,39,6,0,3,26,19,36,0,0,1,28,0,0,3,0,0,1,0,36,30,24,0,6,0,0,23,1,30,5,26
09:22:08,32,14,36,0,0,0,0,5,0,9,2,1,8,0,0,23,4,5,20,18,1,24,20,1,14,40,13,3,39,16,1,0,28,4,16,0,1,3,29,12,38,1,18,23,15,0,7,4,29,13,15,1,0,0,1,34,20,34,24,9,40,33,21,6,5,1,21,0,1,2,9,38,7,1,3,25,18,37,0,0,1,28,0,0,4,0,1,1,0,36,30,24,0,6,0,0,23,1,30,5,25
09:24:09,34,16,36,0,0,0,0,6,0,8,2,1,8,0,0,23,3,5,19,19,1,22,20,1,12,40,15,3,39,16,1,0,28,4,17,0,0,5,30,12,38,0,18,23,16,0,7,3,30,12,15,1,0,0,2,34,20,35,25,8,40,33,21,5,6,1,20,0,1,2,9,38,7,2,2,25,18,37,0,0,1,27,0,0,4,0,1,1,0,36,30,23,0,6,0,0,23,0,30,4,26
09:26:09,34,16,36,0,0,0,0,6,0,8,2,1,8,0,0,23,3,5,19,19,1,22,20,1,12,40,15,3,39,16,1,0,28,4,17,0,0,5,30,12,38,0,18,23,16,0,7,3,30,12,15,1,0,0,2,34,20,35,25,8,40,33,21,5,6,1,20,0,1,2,9,38,7,2,2,25,18,37,0,0,1,27,0,0,4,0,1,1,0,36,30,23,0,6,0,0,23,0,30,4,26
09:28:08,34,16,36,0,0,0,1,6,0,8,2,1,8,0,0,23,5,5,20,19,1,22,20,1,10,40,17,4,40,16,1,0,29,5,19,0,0,5,30,12,38,0,18,23,16,1,7,3,30,12,17,0,0,0,3,33,20,35,25,7,37,35,22,5,6,0,20,0,2,2,9,38,7,2,0,23,16,38,0,0,1,28,0,0,4,0,0,1,0,36,30,23,0,6,0,0,23,0,30,4,26
09:30:08,34,16,37,0,0,0,1,6,0,7,3,1,7,2,0,23,2,4,20,18,1,22,20,1,9,40,17,4,39,16,1,0,29,6,19,0,0,5,30,10,38,0,18,22,17,1,6,3,30,12,17,1,0,0,3,33,20,35,25,7,39,35,22,6,6,0,20,1,3,2,9,37,7,0,0,23,16,38,1,0,1,28,0,0,4,0,0,1,0,36,30,23,0,6,0,0,23,0,30,4,26
09:32:09,34,16,37,0,0,0,1,6,0,7,3,1,7,2,0,23,2,4,20,18,1,22,20,1,9,40,17,4,39,16,1,0,29,6,19,0,0,5,30,10,38,0,18,22,17,1,6,3,30,12,17,1,0,0,3,33,20,35,25,7,39,35,22,6,6,0,20,1,3,2,9,37,7,0,0,23,16,38,1,0,1,28,0,0,4,0,0,1,0,36,30,23,0,6,0,0,23,0,30,4,26
09:34:09,34,16,37,0,0,0,1,6,0,6,3,1,6,0,0,23,1,4,19,18,1,22,20,1,9,31,18,3,39,16,0,0,29,6,19,0,0,5,29,9,38,0,18,24,18,2,6,3,30,12,17,1,0,0,3,33,21,35,25,7,39,33,23,6,5,2,20,1,2,3,5,37,6,1,0,23,16,38,2,0,1,28,0,0,4,0,2,1,0,36,30,22,0,6,0,0,23,0,30,4,25
09:36:09,34,16,37,0,0,0,1,5,1,6,3,1,6,0,0,22,0,4,19,18,0,22,20,0,9,31,20,4,39,16,0,0,29,6,19,0,0,5,29,9,38,2,18,25,20,3,5,3,30,13,17,1,0,0,2,33,21,34,25,7,39,32,23,6,5,2,20,1,1,3,5,38,8,2,1,23,16,38,2,0,0,28,0,0,4,0,0,2,0,36,30,22,0,6,0,1,23,0,32,4,24
09:38:08,34,16,37,0,0,0,1,5,1,6,3,1,6,0,0,22,0,4,19,18,0,22,20,0,9,31,20,4,39,16,0,0,29,6,19,0,0,5,29,9,38,2,18,25,20,3,5,3,30,13,17,1,0,0,2,33,21,34,25,7,39,32,23,6,5,2,20,1,1,3,5,38,8,2,1,23,16,38,2,0,0,28,0,0,4,0,0,2,0,36,30,22,0,6,0,1,23,0,32,4,24
09:40:08,34,16,37,0,1,0,1,5,1,6,3,1,6,0,0,23,0,4,19,19,0,22,20,0,8,31,20,4,39,16,0,0,29,6,17,0,0,5,29,9,38,2,18,26,20,4,5,3,30,13,17,0,0,1,0,33,21,35,25,6,40,32,23,6,5,2,20,1,0,3,4,38,8,2,1,22,14,38,2,0,0,28,0,0,2,0,2,0,0,36,30,22,0,6,0,1,23,0,32,4,24
09:42:09,34,16,38,0,1,0,1,4,1,6,4,1,6,2,0,24,0,4,19,19,0,22,20,0,5,31,20,4,39,16,0,0,29,6,17,0,0,5,30,9,38,2,18,26,20,4,5,3,30,13,17,0,0,0,0,33,21,35,15,6,40,31,24,6,4,2,20,0,0,3,4,38,7,2,0,22,14,39,2,1,0,28,0,0,2,0,4,0,0,35,30,21,0,6,0,1,23,0,32,4,24
09:44:08,34,16,38,0,1,0,1,4,1,6,4,1,6,2,0,24,0,4,19,19,0,22,20,0,5,31,20,4,39,16,0,0,29,6,17,0,0,5,30,9,38,2,18,26,20,4,5,3,30,13,17,0,0,0,0,33,21,35,15,6,40,31,24,6,4,2,20,0,0,3,4,38,7,2,0,22,14,39,2,1,0,28,0,0,2,0,4,0,0,35,30,21,0,6,0,1,23,0,32,4,24
09:46:08,34,16,38,0,1,1,1,4,1,6,4,2,6,1,0,24,1,3,20,19,0,22,20,0,3,31,20,4,39,16,0,0,28,6,19,0,0,5,30,9,38,3,18,25,20,4,5,3,30,13,17,0,0,0,1,33,21,35,17,6,40,31,24,6,4,2,20,1,0,3,4,38,8,2,0,23,14,39,2,1,0,29,0,0,2,0,7,0,0,35,29,21,0,7,0,0,23,0,32,4,22
09:48:08,34,16,38,0,0,1,0,4,0,7,4,2,6,2,0,24,0,3,21,19,0,22,20,0,0,32,20,4,39,16,1,1,27,6,19,0,0,5,30,9,38,4,18,25,19,5,4,3,30,11,17,0,0,0,1,33,20,35,17,6,40,31,24,5,3,0,19,1,1,3,3,38,8,2,0,23,14,39,2,1,0,29,0,0,2,0,8,0,0,35,30,21,0,7,0,0,23,0,32,4,22
09:50:09,34,16,38,0,0,1,0,4,0,7,4,2,6,2,0,24,0,3,21,19,0,22,20,0,0,32,20,4,39,16,1,1,27,6,19,0,0,5,30,9,38,4,18,25,19,5,4,3,30,11,17,0,0,0,1,33,20,35,17,6,40,31,24,5,3,0,19,1,1,3,3,38,8,2,0,23,14,39,2,1,0,29,0,0,2,0,8,0,0,35,30,21,0,7,0,0,23,0,32,4,22
09:52:09,33,16,37,0,0,1,0,4,0,8,4,0,6,3,0,24,0,3,21,19,0,22,20,5,0,32,20,4,39,16,1,1,27,7,18,0,0,5,28,10,37,4,18,25,19,6,3,3,29,11,17,0,0,0,1,33,21,34,20,7,40,31,24,5,3,0,19,1,1,3,3,38,10,2,0,23,15,39,2,1,0,29,0,0,1,0,8,0,0,35,30,22,0,7,0,0,23,0,32,3,23
09:54:08,33,15,37,0,0,1,0,4,0,8,5,1,7,2,0,24,0,3,23,19,2,22,19,8,0,34,22,4,39,16,0,1,27,4,18,0,0,5,27,12,37,4,18,28,17,6,3,3,30,11,18,1,0,0,1,33,21,35,20,8,39,31,25,5,3,0,19,2,1,3,2,38,11,2,0,24,16,39,0,1,0,29,0,0,1,0,8,0,0,35,30,22,0,7,0,0,23,0,32,3,24
09:56:08,33,15,37,0,0,1,0,4,0,8,5,1,7,2,0,24,0,3,23,19,2,22,19,8,0,34,22,4,39,16,0,1,27,4,18,0,0,5,27,12,37,4,18,28,17,6,3,3,30,11,18,1,0,0,1,33,21,35,20,8,39,31,25,5,3,0,19,2,1,3,2,38,11,2,0,24,16,39,0,1,0,29,0,0,1,0,8,0,0,35,30,22,0,7,0,0,23,0,32,3,24
09:58:09,33,15,37,0,0,1,0,3,0,8,5,1,7,0,0,24,0,3,23,19,2,23,19,7,4,33,23,4,39,16,0,1,27,4,18,0,0,5,27,12,37,5,19,29,18,7,3,3,30,11,18,1,0,0,1,33,21,35,18,8,40,30,25,5,3,0,19,0,0,3,0,38,15,2,0,24,16,39,1,1,0,29,0,0,1,0,8,0,0,35,30,23,0,7,0,0,23,0,32,3,24
10:00:09,34,15,37,0,0,1,1,3,0,7,5,1,6,0,0,24,0,3,23,19,2,24,20,7,10,33,24,4,39,16,0,1,26,4,19,1,0,5,28,12,37,6,19,28,18,7,2,3,30,11,18,2,0,1,2,33,21,38,18,8,40,30,27,4,2,7,20,0,1,3,0,38,15,1,0,25,16,39,0,1,0,29,0,0,1,0,7,0,0,35,30,22,0,7,0,1,23,0,32,3,24
10:02:09,34,15,37,0,0,1,1,3,0,7,5,1,6,0,0,24,0,3,23,19,2,24,20,7,10,33,24,4,39,16,0,1,26,4,19,1,0,5,28,12,37,6,19,28,18,7,2,3,30,11,18,2,0,1,2,33,21,38,18,8,40,30,27,4,2,7,20,0,1,3,0,38,15,1,0,25,16,39,0,1,0,29,0,0,1,0,7,0,0,35,30,22,0,7,0,1,23,0,32,3,24
10:04:08,34,16,37,0,0,0,1,3,0,6,5,1,6,0,0,24,0,3,26,19,2,24,20,6,10,33,24,4,39,16,0,2,26,4,19,0,0,5,29,13,37,7,19,28,18,7,3,2,30,11,17,4,0,0,3,33,21,39,19,8,40,30,27,4,2,8,20,0,0,3,0,38,16,1,0,24,16,38,0,1,0,28,0,1,1,0,7,0,0,36,30,22,0,7,0,1,22,0,32,3,24
10:06:09,34,16,37,0,0,0,1,3,0,6,5,1,6,0,0,24,0,3,26,19,2,24,20,6,10,33,24,4,39,16,0,2,26,4,19,0,0,5,29,13,37,7,19,28,18,7,3,2,30,11,17,4,0,0,3,33,21,39,19,8,40,30,27,4,2,8,20,0,0,3,0,38,16,1,0,24,16,38,0,1,0,28,0,1,1,0,7,0,0,36,30,22,0,7,0,1,22,0,32,3,24
10:08:09,33,16,37,0,0,0,0,3,0,6,6,1,6,0,0,24,0,3,27,19,2,24,20,6,9,33,24,4,39,16,0,2,24,3,19,0,0,4,29,14,37,7,19,29,18,7,5,2,30,11,17,4,0,0,3,34,21,39,19,8,40,30,27,4,4,9,20,0,0,3,0,38,16,1,0,24,17,37,0,1,0,28,0,0,1,1,7,0,0,36,30,22,0,7,0,0,22,0,32,3,25
10:10:09,33,16,37,3,0,0,0,3,0,5,6,1,6,0,0,24,0,3,27,19,0,24,20,6,9,32,24,5,39,16,1,2,24,3,19,3,0,4,29,15,37,7,18,29,18,6,5,2,30,11,17,5,0,0,3,34,21,39,20,8,40,30,26,3,4,9,20,0,0,3,0,38,15,1,0,24,20,37,0,1,0,28,0,0,1,1,6,0,0,36,30,22,0,7,0,0,22,0,32,3,24
10:12:08,33,16,37,3,0,0,0,3,0,5,6,1,6,0,0,24,0,3,27,19,0,24,20,6,9,32,24,5,39,16,1,2,24,3,19,3,0,4,29,15,37,7,18,29,18,6,5,2,30,11,17,5,0,0,3,34,21,39,20,8,40,30,26,3,4,9,20,0,0,3,0,38,15,1,0,24,20,37,0,1,0,28,0,0,1,1,6,0,0,36,30,22,0,7,0,0,22,0,32,3,24
10:14:09,33,16,37,7,0,0,0,3,0,4,7,1,5,0,0,24,0,3,27,19,0,24,20,6,9,32,24,5,39,16,1,2,23,3,19,7,0,4,29,17,37,7,18,29,18,6,5,3,30,12,17,5,0,1,4,34,21,39,20,8,40,29,26,3,4,9,20,0,0,3,0,38,17,1,0,23,20,37,0,2,0,27,0,0,1,1,7,0,0,36,30,20,0,7,0,1,23,0,33,2,24
10:16:09,33,16,37,8,0,0,0,3,0,4,7,1,5,0,0,25,0,3,27,18,0,24,20,5,9,32,24,5,39,16,1,2,22,3,19,10,0,4,29,16,38,5,18,30,18,4,6,4,29,12,17,5,0,2,5,34,22,39,20,8,39,29,25,3,4,9,20,0,0,2,0,38,18,1,0,23,21,38,0,2,0,26,0,0,0,1,7,0,0,36,30,20,0,8,0,0,23,0,33,2,24
10:18:09,33,16,37,8,0,0,0,3,0,4,7,1,5,0,0,25,0,3,27,18,0,24,20,5,9,32,24,5,39,16,1,2,22,3,19,10,0,4,29,16,38,5,18,30,18,4,6,4,29,12,17,5,0,2,5,34,22,39,20,8,39,29,25,3,4,9,20,0,0,2,0,38,18,1,0,23,21,38,0,2,0,26,0,0,0,1,7,0,0,36,30,20,0,8,0,0,23,0,33,2,24
10:20:08,32,16,37,8,0,0,0,4,1,4,7,1,5,0,0,25,0,3,27,18,0,23,19,5,9,32,23,5,39,15,1,2,22,3,19,10,0,3,29,16,38,5,18,30,18,2,6,4,29,12,17,5,0,2,5,34,22,39,21,8,39,28,25,3,4,9,19,0,0,2,0,38,18,2,0,23,22,38,0,2,1,24,0,0,0,1,7,0,0,36,30,20,0,8,0,0,23,0,33,2,24
10:22:09,32,16,38,8,0,0,0,4,6,3,7,1,5,0,0,27,1,4,26,19,0,23,19,5,9,32,24,5,39,15,2,2,22,3,19,10,0,4,29,18,38,5,17,30,18,2,7,4,30,12,17,7,0,0,5,33,22,39,21,8,40,28,25,3,4,8,19,0,0,2,0,38,18,2,0,23,23,38,0,1,1,24,0,1,0,1,7,0,0,35,29,20,0,8,0,0,23,0,33,4,24
10:24:09,32,16,38,8,0,0,0,4,6,3,7,1,5,0,0,27,1,4,26,19,0,23,19,5,9,32,24,5,39,15,2,2,22,3,19,10,0,4,29,18,38,5,17,30,18,2,7,4,30,12,17,7,0,0,5,33,22,39,21,8,40,28,25,3,4,8,19,0,0,2,0,38,18,2,0,23,23,38,0,1,1,24,0,1,0,1,7,0,0,35,29,20,0,8,0,0,23,0,33,4,24
10:26:08,33,16,38,6,0,0,1,4,10,4,6,1,4,0,0,27,0,4,25,19,0,23,20,5,9,32,24,5,39,15,2,2,22,4,19,10,1,4,29,19,38,5,17,29,17,0,6,4,30,12,17,8,0,0,5,33,22,38,21,8,40,28,24,3,4,8,19,0,0,2,0,38,19,2,0,23,23,38,0,0,1,25,0,1,0,1,7,0,0,35,30,19,0,8,0,0,23,0,33,4,24
10:28:09,33,16,38,6,0,1,1,4,10,4,6,1,4,0,0,28,0,4,25,19,0,22,20,4,9,32,24,5,39,14,2,2,23,4,19,9,1,4,30,20,38,5,17,29,17,0,6,4,30,11,17,8,0,0,5,33,21,38,22,7,40,28,25,3,5,8,18,0,0,1,0,38,19,0,0,24,23,39,0,0,0,25,0,1,0,1,7,0,0,35,30,19,0,8,0,0,23,0,31,4,24
10:30:09,33,16,38,6,0,1,1,4,10,4,6,1,4,0,0,28,0,4,25,19,0,22,20,4,9,32,24,5,39,14,2,2,23,4,19,9,1,4,30,20,38,5,17,29,17,0,6,4,30,11,17,8,0,0,5,33,21,38,22,7,40,28,25,3,5,8,18,0,0,1,0,38,19,0,0,24,23,39,0,0,0,25,0,1,0,1,7,0,0,35,30,19,0,8,0,0,23,0,31,4,24
10:32:09,33,16,38,6,0,1,1,4,10,4,6,1,4,0,0,28,0,4,24,19,0,22,20,4,9,32,23,5,39,15,2,1,24,4,19,9,1,4,30,21,38,4,18,29,17,0,5,4,30,11,17,8,0,0,5,33,22,38,22,6,39,28,25,4,5,8,18,0,0,2,0,38,18,0,0,24,23,39,0,0,1,25,0,1,0,1,7,0,0,35,30,19,0,8,0,1,23,0,29,4,26
10:34:08,33,16,39,6,0,2,2,4,10,4,8,1,2,0,0,28,0,3,24,19,0,23,20,4,9,33,23,4,39,15,2,1,24,4,19,9,1,4,30,22,38,4,18,29,17,0,5,4,30,12,17,8,0,1,4,33,22,39,22,5,38,28,25,4,5,8,18,0,0,2,0,39,18,0,0,25,24,39,0,0,1,25,0,0,0,0,7,0,0,36,30,19,0,8,0,0,23,0,29,4,25
10:36:09,33,16,39,6,0,2,2,4,10,4,8,1,2,0,0,28,0,3,24,19,0,23,20,4,9,33,23,4,39,15,2,1,24,4,19,9,1,4,30,22,38,4,18,29,17,0,5,4,30,12,17,8,0,1,4,33,22,39,22,5,38,28,25,4,5,8,18,0,0,2,0,39,18,0,0,25,24,39,0,0,1,25,0,0,0,0,7,0,0,36,30,19,0,8,0,0,23,0,29,4,25
10:38:09,33,16,39,6,0,2,2,4,10,3,8,1,2,0,0,28,0,3,24,19,0,23,20,4,7,33,23,3,38,15,1,0,24,4,19,9,2,4,30,22,38,5,18,30,16,1,5,4,30,11,17,10,0,1,4,33,22,40,22,4,39,28,25,4,5,6,18,0,0,2,0,39,20,0,0,25,25,38,0,0,1,25,0,0,0,0,7,0,0,36,30,19,0,8,0,1,23,0,29,4,25
10:40:09,33,16,38,6,0,2,2,4,10,3,8,2,1,1,0,28,1,3,24,19,0,23,19,4,7,33,24,3,38,16,0,0,24,4,19,9,3,4,29,23,37,6,18,30,16,0,5,4,30,11,18,10,0,0,3,33,22,40,22,4,40,27,24,4,5,6,18,0,0,2,0,39,21,0,1,25,26,36,0,0,0,25,0,1,0,0,7,0,0,36,30,20,0,8,0,1,23,0,29,4,25
10:42:09,33,16,38,6,0,2,2,4,10,3,8,2,1,1,0,28,1,3,24,19,0,23,19,4,7,33,24,3,38,16,0,0,24,4,19,9,3,4,29,23,37,6,18,30,16,0,5,4,30,11,18,10,0,0,3,33,22,40,22,4,40,27,24,4,5,6,18,0,0,2,0,39,21,0,1,25,26,36,0,0,0,25,0,1,0,0,7,0,0,36,30,20,0,8,0,1,23,0,29,4,25
10:44:09,34,16,37,5,0,2,2,4,10,3,7,2,1,0,0,28,0,2,25,19,0,23,19,4,6,33,24,3,38,16,0,0,24,4,20,9,3,4,29,23,37,6,18,29,17,0,4,3,30,10,18,10,0,0,3,33,23,39,22,2,40,26,24,4,4,6,18,1,0,2,0,39,22,0,1,25,24,37,0,0,0,25,0,1,0,0,7,0,0,35,30,20,0,8,0,1,23,0,29,4,25
10:46:09,34,16,37,5,0,0,1,4,10,3,7,2,1,0,0,28,0,2,25,19,0,23,19,4,6,33,23,1,37,16,0,0,24,4,19,9,3,4,29,24,37,5,19,29,17,0,4,3,30,10,18,10,0,0,3,33,24,39,22,2,39,26,24,4,4,6,18,1,0,1,0,38,23,0,1,27,24,38,0,0,0,25,2,1,0,0,7,0,0,35,30,19,0,8,0,1,23,0,29,4,25
10:48:09,34,16,37,5,0,0,1,4,10,3,7,2,1,0,0,28,0,2,25,19,0,23,19,4,6,33,23,1,37,16,0,0,24,4,19,9,3,4,29,24,37,5,19,29,17,0,4,3,30,10,18,10,0,0,3,33,24,39,22,2,39,26,24,4,4,6,18,1,0,1,0,38,23,0,1,27,24,38,0,0,0,25,2,1,0,0,7,0,0,35,30,19,0,8,0,1,23,0,29,4,25
10:50:09,34,16,37,5,0,0,1,4,10,4,6,2,1,0,0,28,1,2,25,19,0,23,20,3,5,31,24,4,35,16,0,2,24,6,19,9,3,4,29,25,37,5,19,29,18,0,3,3,30,10,18,9,0,0,2,34,24,39,22,0,39,26,24,4,4,6,18,1,0,1,0,38,23,1,1,28,22,39,0,0,0,24,2,1,1,0,7,0,0,35,30,19,0,8,0,1,23,0,29,4,27
10:52:09,33,16,37,4,0,0,1,4,10,4,7,3,0,0,0,28,1,2,25,19,0,22,20,3,5,33,24,5,33,16,0,2,24,6,18,9,2,4,29,25,37,4,19,30,18,1,3,3,30,11,18,9,0,0,3,34,24,39,23,0,40,26,25,5,4,6,18,2,0,1,0,38,22,1,1,28,23,39,0,1,0,24,2,1,1,0,7,0,0,34,30,19,0,8,0,0,23,0,29,4,27
10:54:09,33,16,37,4,0,0,1,4,10,4,7,3,0,0,0,28,1,2,25,19,0,22,20,3,5,33,24,5,33,16,0,2,24,6,18,9,2,4,29,25,37,4,19,30,18,1,3,3,30,11,18,9,0,0,3,34,24,39,23,0,40,26,25,5,4,6,18,2,0,1,0,38,22,1,1,28,23,39,0,1,0,24,2,1,1,0,7,0,0,34,30,19,0,8,0,0,23,0,29,4,27
10:56:09,34,15,36,4,0,0,1,3,10,4,7,3,0,0,0,28,1,2,21,19,0,22,20,3,4,33,23,5,33,16,0,2,23,6,18,8,0,4,28,26,38,4,19,29,19,0,3,3,30,11,18,8,0,0,3,34,24,39,23,0,40,26,25,7,5,6,18,2,0,3,0,38,22,1,1,27,25,39,0,2,1,24,2,1,2,0,7,0,0,34,30,19,0,8,0,0,23,0,30,4,27
10:58:09,34,15,36,3,0,0,1,3,10,3,7,3,0,0,0,27,1,0,19,19,0,23,20,2,3,34,23,5,33,16,0,2,23,6,19,7,0,4,28,27,37,4,19,27,20,2,3,3,30,11,18,7,0,0,5,34,24,39,23,0,40,26,25,7,5,5,18,2,0,3,0,36,23,2,1,28,25,38,0,2,1,23,2,2,2,0,6,0,0,34,30,20,0,7,0,0,23,0,30,4,27
11:00:09,34,15,36,3,0,0,1,3,10,3,7,3,0,0,0,27,1,0,19,19,0,23,20,2,3,34,23,5,33,16,0,2,23,6,19,7,0,4,28,27,37,4,19,27,20,2,3,3,30,11,18,7,0,0,5,34,24,39,23,0,40,26,25,7,5,5,18,2,0,3,0,36,23,2,1,28,25,38,0,2,1,23,2,2,2,0,6,0,0,34,30,20,0,7,0,0,23,0,30,4,27
11:02:08,33,15,36,3,0,0,1,3,10,3,7,3,2,1,0,27,1,0,19,19,0,22,18,2,3,34,23,5,32,16,0,1,23,7,19,7,0,5,28,30,37,4,20,26,21,2,3,3,30,12,18,7,0,0,5,34,24,40,23,0,40,26,25,7,5,5,18,2,1,4,0,34,23,2,7,28,24,37,0,2,2,23,2,2,2,0,6,0,0,34,29,19,0,7,0,1,23,0,30,4,27
11:04:08,34,15,36,3,0,0,1,3,10,3,7,3,2,0,0,27,1,0,19,19,0,21,18,2,3,34,22,5,32,16,0,2,25,5,19,7,0,5,28,29,37,4,20,26,21,2,3,3,30,13,18,8,0,0,5,34,24,39,23,0,39,26,25,7,5,5,18,2,1,4,0,33,23,1,10,28,23,37,0,2,2,23,2,2,2,0,6,0,0,34,29,19,0,7,0,2,23,0,30,4,27
11:06:09,34,15,36,3,0,0,1,3,10,3,7,3,2,0,0,27,1,0,19,19,0,21,18,2,3,34,22,5,32,16,0,2,25,5,19,7,0,5,28,29,37,4,20,26,21,2,3,3,30,13,18,8,0,0,5,34,24,39,23,0,39,26,25,7,5,5,18,2,1,4,0,33,23,1,10,28,23,37,0,2,2,23,2,2,2,0,6,0,0,34,29,19,0,7,0,2,23,0,30,4,27
11:08:09,34,15,36,3,0,0,1,4,10,2,7,3,2,0,0,27,1,0,18,19,0,21,18,2,3,34,22,5,32,15,0,2,25,4,20,7,1,5,28,28,35,4,19,26,21,2,4,2,30,13,18,8,0,0,5,35,24,38,22,1,39,26,25,7,7,5,18,9,1,4,0,33,23,0,10,27,24,37,0,2,3,23,2,2,2,0,6,0,0,34,29,19,0,7,0,5,23,0,28,5,27
11:10:08,34,15,36,2,2,0,1,4,9,2,7,3,2,0,0,27,1,1,18,19,0,19,19,2,1,34,21,5,33,15,0,2,26,3,20,7,1,6,28,28,35,4,19,26,21,2,4,2,30,13,16,8,0,1,5,35,24,36,21,1,38,26,25,7,7,4,18,10,1,4,1,33,23,1,11,26,26,38,0,2,3,23,2,2,2,0,6,0,0,34,30,21,0,7,0,5,22,0,28,7,27
11:12:09,34,15,36,2,2,0,1,4,9,2,7,3,2,0,0,27,1,1,18,19,0,19,19,2,1,34,21,5,33,15,0,2,26,3,20,7,1,6,28,28,35,4,19,26,21,2,4,2,30,13,16,8,0,1,5,35,24,36,21,1,38,26,25,7,7,4,18,10,1,4,1,33,23,1,11,26,26,38,0,2,3,23,2,2,2,0,6,0,0,34,30,21,0,7,0,5,22,0,28,7,27
11:14:08,34,15,37,2,2,0,0,4,9,2,6,3,1,0,0,27,1,0,18,19,0,19,20,2,0,34,20,5,33,15,0,2,26,3,20,7,2,7,27,28,35,4,19,27,22,2,2,0,30,13,16,8,0,2,4,35,24,35,21,1,39,26,25,6,8,4,17,11,1,4,1,31,22,1,11,25,27,39,0,0,3,22,2,2,2,0,6,0,0,33,30,21,0,6,0,5,22,0,28,7,27
11:16:08,34,15,37,2,2,0,1,4,8,2,6,3,1,1,0,27,1,0,20,18,0,20,20,2,0,34,19,4,33,16,0,2,26,0,20,6,2,7,26,28,35,4,18,27,22,0,2,1,29,13,18,8,0,2,4,35,24,35,21,1,39,26,25,6,8,4,17,11,1,4,1,31,23,1,11,25,28,38,0,1,2,23,2,2,1,0,6,0,0,31,30,21,0,6,0,5,22,0,29,7,26
11:18:09,34,15,37,2,2,0,1,4,8,2,6,3,1,1,0,27,1,0,20,18,0,20,20,2,0,34,19,4,33,16,0,2,26,0,20,6,2,7,26,28,35,4,18,27,22,0,2,1,29,13,18,8,0,2,4,35,24,35,21,1,39,26,25,6,8,4,17,11,1,4,1,31,23,1,11,25,28,38,0,1,2,23,2,2,1,0,6,0,0,31,30,21,0,6,0,5,22,0,29,7,26
11:20:08,34,15,38,2,2,0,1,4,7,2,6,3,2,0,0,27,1,0,19,19,1,21,20,2,0,35,19,4,31,15,0,2,26,1,20,6,2,7,26,27,34,5,18,28,20,0,2,1,30,12,18,7,0,2,5,35,24,34,21,2,38,26,24,6,8,3,18,11,3,0,1,31,23,1,12,25,28,38,1,0,0,23,2,1,0,0,5,0,0,30,30,19,0,6,0,5,22,0,29,7,27
11:22:08,34,15,38,0,2,0,1,4,7,2,6,3,2,0,0,27,1,0,19,19,1,21,20,1,0,34,19,4,31,15,1,1,26,1,19,6,0,7,26,27,34,4,17,28,19,0,3,0,30,12,18,7,0,2,6,35,24,35,21,2,37,27,24,6,8,3,18,10,3,0,1,30,23,1,11,25,29,38,1,0,0,22,1,1,0,0,5,0,0,30,29,19,0,6,0,5,23,0,28,8,27
11:24:09,34,15,38,0,2,0,1,4,7,2,6,3,2,0,0,27,1,0,19,19,1,21,20,1,0,34,19,4,31,15,1,1,26,1,19,6,0,7,26,27,34,4,17,28,19,0,3,0,30,12,18,7,0,2,6,35,24,35,21,2,37,27,24,6,8,3,18,10,3,0,1,30,23,1,11,25,29,38,1,0,0,22,1,1,0,0,5,0,0,30,29,19,0,6,0,5,23,0,28,8,27
11:26:09,34,15,38,0,2,0,1,4,7,3,6,3,2,1,0,28,1,1,19,19,1,21,20,0,0,34,19,4,31,14,1,1,26,2,19,6,0,7,26,25,34,2,17,29,19,1,3,0,30,14,18,7,0,2,6,35,24,35,21,3,37,27,24,6,7,2,18,8,3,0,1,30,23,1,11,26,28,38,0,0,0,20,0,1,0,0,4,0,0,30,29,17,0,6,0,4,23,0,27,8,28
11:28:09,34,15,38,0,2,0,1,3,7,3,5,3,3,0,0,30,2,1,18,19,1,22,19,0,1,32,19,7,29,14,1,0,26,2,19,3,0,8,26,26,34,3,17,30,19,0,0,0,30,14,19,7,0,3,4,35,23,35,21,4,39,27,23,6,6,13,18,8,2,1,1,31,21,1,11,28,28,38,0,0,1,20,0,1,0,0,4,0,0,30,30,15,0,6,0,4,23,0,25,9,28
11:30:08,34,15,38,0,2,0,1,3,7,3,5,3,3,0,0,30,2,1,18,19,1,22,19,0,1,32,19,7,29,14,1,0,26,2,19,3,0,8,26,26,34,3,17,30,19,0,0,0,30,14,19,7,0,3,4,35,23,35,21,4,39,27,23,6,6,13,18,8,2,1,1,31,21,1,11,28,28,38,0,0,1,20,0,1,0,0,4,0,0,30,30,15,0,6,0,4,23,0,25,9,28
11:32:08,34,15,38,0,3,0,1,3,7,0,5,3,4,0,0,30,2,1,18,19,2,22,20,0,2,31,21,7,28,15,1,0,26,2,19,0,2,8,26,25,34,3,17,30,19,0,0,0,30,12,19,8,0,4,4,35,23,35,19,4,38,27,23,5,7,17,18,8,2,1,1,31,23,1,10,27,29,39,0,1,1,19,0,1,0,0,5,0,0,29,30,15,0,6,0,3,23,0,25,10,29
11:34:09,34,15,38,0,3,0,1,3,7,0,5,2,4,2,0,30,2,1,19,19,2,22,20,0,0,31,21,7,25,15,1,0,26,2,19,0,0,8,26,25,35,1,17,30,20,1,1,0,30,11,19,7,0,4,3,34,24,35,18,4,38,25,23,5,6,17,17,9,0,1,1,31,22,1,10,27,29,39,0,2,0,19,0,1,0,0,5,0,0,29,30,12,0,6,0,3,23,1,25,10,29
11:36:09,34,15,38,0,3,0,1,3,7,0,5,2,4,2,0,30,2,1,19,19,2,22,20,0,0,31,21,7,25,15,1,0,26,2,19,0,0,8,26,25,35,1,17,30,20,1,1,0,30,11,19,7,0,4,3,34,24,35,18,4,38,25,23,5,6,17,17,9,0,1,1,31,22,1,10,27,29,39,0,2,0,19,0,1,0,0,5,0,0,29,30,12,0,6,0,3,23,1,25,10,29
11:38:08,35,13,37,0,2,0,1,2,7,1,4,2,5,2,0,29,0,0,18,19,0,23,20,0,0,31,21,7,22,11,1,1,25,3,19,0,0,8,26,25,35,0,17,30,21,0,2,0,30,10,20,6,0,3,3,34,24,35,17,4,38,25,24,5,8,18,14,8,0,1,1,30,21,1,10,26,28,39,0,2,1,19,0,1,0,0,5,0,0,29,30,12,0,6,1,3,22,2,25,10,30
11:40:08,35,13,37,0,2,0,1,2,7,1,4,2,5,2,0,29,0,0,18,19,0,23,20,0,0,31,21,7,22,11,1,1,25,3,19,0,0,8,26,25,35,0,17,30,21,0,2,0,30,10,20,6,0,3,3,34,24,35,17,4,38,25,24,5,8,18,14,8,0,1,1,30,21,1,10,26,28,39,0,2,1,19,0,1,0,0,5,0,0,29,30,12,0,6,1,3,22,2,25,10,30
11:42:09,34,13,37,0,1,0,1,0,7,2,5,2,5,0,0,28,1,1,17,19,0,23,20,2,0,31,21,7,19,12,0,1,24,3,19,0,0,9,26,25,35,0,17,29,21,0,3,0,30,10,20,5,0,2,3,34,24,35,16,4,37,25,25,4,8,19,15,8,1,1,1,29,22,1,10,26,27,37,0,3,0,19,0,0,0,0,6,0,0,28,30,12,0,6,1,3,22,2,24,10,30
11:44:08,34,13,37,0,1,0,1,0,7,2,5,2,5,1,0,28,0,2,17,18,0,23,20,2,1,31,21,6,20,13,0,1,24,4,19,0,0,8,26,24,35,0,17,30,22,0,4,0,30,10,20,5,0,0,4,34,25,36,14,4,35,25,26,4,7,18,15,8,1,0,2,29,22,1,10,26,26,37,0,3,0,19,0,0,0,0,6,0,0,28,30,13,0,6,0,2,22,0,24,10,29
11:46:08,34,13,37,0,1,0,1,0,7,2,5,2,5,1,0,28,0,2,17,18,0,23,20,2,1,31,21,6,20,13,0,1,24,4,19,0,0,8,26,24,35,0,17,30,22,0,4,0,30,10,20,5,0,0,4,34,25,36,14,4,35,25,26,4,7,18,15,8,1,0,2,29,22,1,10,26,26,37,0,3,0,19,0,0,0,0,6,0,0,28,30,13,0,6,0,2,22,0,24,10,29
11:48:09,34,12,37,0,1,0,1,0,7,4,5,2,5,0,0,29,0,2,18,20,0,25,20,2,0,31,20,6,20,13,0,1,26,4,19,0,2,7,25,24,35,0,16,27,22,2,3,0,30,9,20,3,0,3,4,33,25,36,14,3,35,24,26,4,10,18,15,8,1,0,2,29,22,0,10,26,22,36,0,4,0,19,0,0,0,1,6,0,0,28,30,13,0,6,0,2,22,1,22,11,30
11:50:09,33,12,37,0,0,0,1,0,6,4,5,2,4,0,0,30,0,2,17,20,0,25,20,2,0,30,21,6,20,14,1,1,26,4,20,0,2,7,25,25,35,2,16,21,22,3,2,0,30,9,19,3,0,3,4,33,24,35,14,4,31,24,25,4,10,17,15,7,2,0,0,29,23,0,10,26,25,36,0,4,0,19,0,0,0,1,7,1,0,27,30,10,0,7,0,0,22,1,21,11,30
11:52:09,33,12,37,0,0,0,1,0,6,4,5,2,4,0,0,30,0,2,17,20,0,25,20,2,0,30,21,6,20,14,1,1,26,4,20,0,2,7,25,25,35,2,16,21,22,3,2,0,30,9,19,3,0,3,4,33,24,35,14,4,31,24,25,4,10,17,15,7,2,0,0,29,23,0,10,26,25,36,0,4,0,19,0,0,0,1,7,1,0,27,30,10,0,7,0,0,22,1,21,11,30
11:54:08,31,11,36,0,0,0,1,0,5,6,5,2,4,0,0,29,2,2,17,20,0,26,20,2,0,29,22,6,20,14,1,1,25,4,20,0,2,7,25,26,35,3,16,19,23,1,0,0,30,9,18,3,0,2,4,33,24,35,16,4,30,25,25,3,11,17,14,7,2,0,0,29,22,0,12,26,24,37,1,4,0,19,0,0,0,1,7,3,0,26,30,10,0,7,0,1,21,0,20,11,30
11:56:09,31,11,38,0,0,0,1,0,5,6,5,2,3,0,0,29,2,0,18,19,0,29,20,2,0,29,23,5,20,15,1,1,23,5,20,0,2,7,27,28,34,3,16,20,23,1,1,0,30,8,15,1,0,2,4,33,24,35,17,3,30,27,25,2,11,17,14,6,2,0,1,29,22,0,12,27,25,36,1,3,0,19,0,1,0,1,9,3,0,23,30,9,0,7,0,1,21,0,20,11,30
11:58:09,31,11,38,0,0,0,1,0,5,6,5,2,3,0,0,29,2,0,18,19,0,29,20,2,0,29,23,5,20,15,1,1,23,5,20,0,2,7,27,28,34,3,16,20,23,1,1,0,30,8,15,1,0,2,4,33,24,35,17,3,30,27,25,2,11,17,14,6,2,0,1,29,22,0,12,27,25,36,1,3,0,19,0,1,0,1,9,3,0,23,30,9,0,7,0,1,21,0,20,11,30
12:00:08,31,11,39,0,0,0,1,0,5,8,6,2,3,1,0,29,0,0,18,19,0,29,20,2,2,29,24,4,20,16,1,1,23,5,20,0,4,7,26,28,34,2,16,21,22,1,0,0,30,8,15,1,0,3,4,33,23,37,17,3,29,29,26,0,11,15,14,6,2,0,1,29,23,0,12,27,24,37,1,3,0,19,0,1,0,0,9,3,0,23,30,10,0,8,0,1,21,0,19,11,30
12:02:09,31,11,38,0,0,0,0,0,4,10,6,4,4,0,0,30,0,0,19,19,0,30,20,3,2,29,24,4,20,15,1,1,22,5,20,0,4,7,27,28,34,2,16,20,22,1,0,0,30,7,17,2,0,0,2,32,23,38,17,3,28,29,26,0,12,15,14,6,0,1,1,27,23,0,12,27,23,38,1,3,0,19,0,1,0,0,8,3,0,23,29,9,0,8,0,1,21,0,19,11,30
12:04:09,31,11,38,0,0,0,0,0,4,10,6,4,4,0,0,30,0,0,19,19,0,30,20,3,2,29,24,4,20,15,1,1,22,5,20,0,4,7,27,28,34,2,16,20,22,1,0,0,30,7,17,2,0,0,2,32,23,38,17,3,28,29,26,0,12,15,14,6,0,1,1,27,23,0,12,27,23,38,1,3,0,19,0,1,0,0,8,3,0,23,29,9,0,8,0,1,21,0,19,11,30
12:06:08,31,12,38,0,0,0,1,1,5,10,6,3,4,0,0,30,0,0,19,20,0,28,20,3,2,30,24,5,19,14,0,0,20,9,20,0,6,6,26,29,33,2,17,19,22,2,2,0,30,6,11,4,0,2,0,31,24,38,18,0,26,29,26,0,13,15,14,5,0,0,1,26,23,0,12,28,24,39,0,4,0,19,0,0,0,0,8,3,0,23,30,10,0,8,0,0,21,0,17,11,30
12:08:09,32,12,38,0,0,0,0,1,6,9,6,3,4,0,0,30,0,0,17,20,0,30,20,3,1,30,24,6,19,15,0,0,20,9,19,1,7,6,26,30,33,1,17,19,21,2,2,0,29,8,12,4,0,2,0,31,24,35,18,0,25,29,26,0,14,14,14,5,0,0,6,23,23,1,12,27,24,37,0,4,0,18,0,2,0,0,8,3,0,23,30,9,0,8,0,0,21,0,17,10,29
12:10:09,32,12,38,0,0,0,0,1,6,9,6,3,4,0,0,30,0,0,17,20,0,30,20,3,1,30,24,6,19,15,0,0,20,9,19,1,7,6,26,30,33,1,17,19,21,2,2,0,29,8,12,4,0,2,0,31,24,35,18,0,25,29,26,0,14,14,14,5,0,0,6,23,23,1,12,27,24,37,0,4,0,18,0,2,0,0,8,3,0,23,30,9,0,8,0,0,21,0,17,10,29
12:12:09,32,12,38,0,0,0,0,1,6,10,6,3,4,0,0,29,0,0,16,20,0,30,19,3,0,29,23,6,19,15,0,0,20,8,19,1,7,4,26,30,33,3,17,18,22,3,2,0,25,7,12,4,0,2,0,31,24,35,17,0,25,29,26,0,13,14,14,6,0,0,10,22,22,1,12,27,24,37,0,4,1,18,0,2,0,0,9,3,0,23,30,9,0,8,0,1,21,0,17,10,30
12:14:08,32,12,37,0,0,0,0,0,4,11,7,3,3,0,0,29,0,0,16,20,0,30,20,0,0,29,23,6,19,15,0,0,21,9,19,1,6,4,26,30,33,4,17,17,23,3,3,0,26,9,12,4,0,0,0,31,23,36,16,0,26,29,25,0,14,14,13,7,0,0,10,22,22,1,12,28,26,36,0,2,2,18,0,2,1,0,11,3,0,24,29,8,0,8,0,1,21,0,16,10,30
12:16:09,32,12,37,0,0,0,0,0,4,11,7,3,3,0,0,29,0,0,16,20,0,30,20,0,0,29,23,6,19,15,0,0,21,9,19,1,6,4,26,30,33,4,17,17,23,3,3,0,26,9,12,4,0,0,0,31,23,36,16,0,26,29,25,0,14,14,13,7,0,0,10,22,22,1,12,28,26,36,0,2,2,18,0,2,1,0,11,3,0,24,29,8,0,8,0,1,21,0,16,10,30
12:18:09,33,12,37,0,0,1,0,0,5,11,7,3,2,0,0,29,1,0,17,20,0,33,20,0,0,28,23,10,20,15,0,0,21,9,19,2,5,3,26,29,32,3,17,14,24,2,4,0,24,9,12,4,0,0,0,31,22,39,16,0,26,29,24,0,15,14,13,7,0,1,9,23,22,1,12,28,23,35,0,2,3,19,0,2,1,0,11,3,0,25,29,9,0,7,0,1,21,0,14,9,30
12:20:08,34,12,36,1,0,1,0,0,5,11,7,3,1,0,0,30,0,0,18,20,0,33,20,0,0,28,23,10,20,15,0,0,21,10,19,2,5,3,23,29,32,3,17,8,24,3,3,0,19,9,15,5,0,1,1,31,21,39,18,0,27,28,23,0,14,14,12,6,0,1,8,25,22,1,12,28,27,30,0,2,0,19,0,3,0,0,11,3,0,25,30,9,0,7,0,2,20,0,12,9,30
12:22:08,34,12,36,1,0,1,0,0,5,11,7,3,1,0,0,30,0,0,18,20,0,33,20,0,0,28,23,10,20,15,0,0,21,10,19,2,5,3,23,29,32,3,17,8,24,3,3,0,19,9,15,5,0,1,1,31,21,39,18,0,27,28,23,0,14,14,12,6,0,1,8,25,22,1,12,28,27,30,0,2,0,19,0,3,0,0,11,3,0,25,30,9,0,7,0,2,20,0,12,9,30
12:24:09,34,12,36,1,0,0,0,1,5,8,5,3,1,1,0,30,0,0,17,20,0,32,20,1,0,28,24,10,20,14,1,0,20,10,21,0,5,3,23,30,32,3,17,8,23,4,3,0,16,9,12,6,0,2,1,31,21,38,18,0,27,28,23,0,15,15,12,6,0,2,8,25,22,0,10,29,26,30,0,2,5,19,0,3,0,0,11,3,0,25,30,8,0,7,0,0,21,0,10,8,30
12:26:09,34,13,36,1,0,0,0,3,6,5,5,3,1,2,0,30,2,0,16,20,0,31,20,2,0,28,24,10,20,16,1,0,20,9,19,0,6,2,24,30,29,4,17,8,24,5,2,0,16,9,7,6,0,2,2,31,21,38,18,0,27,28,22,0,13,15,11,6,0,2,8,26,23,1,9,29,26,29,1,4,7,19,0,3,0,0,10,3,0,25,30,8,0,8,0,2,21,0,8,8,29
12:28:09,34,13,36,1,0,0,0,3,6,5,5,3,1,2,0,30,2,0,16,20,0,31,20,2,0,28,24,10,20,16,1,0,20,9,19,0,6,2,24,30,29,4,17,8,24,5,2,0,16,9,7,6,0,2,2,31,21,38,18,0,27,28,22,0,13,15,11,6,0,2,8,26,23,1,9,29,26,29,1,4,7,19,0,3,0,0,10,3,0,25,30,8,0,8,0,2,21,0,8,8,29
12:30:08,35,13,36,2,0,0,0,3,6,5,5,2,2,3,0,30,2,0,17,20,1,31,19,2,0,28,24,10,22,16,2,1,20,9,20,1,5,4,24,30,30,4,19,8,23,6,1,0,14,8,6,6,0,2,2,31,21,38,18,0,28,28,22,0,14,15,10,6,1,2,7,26,23,4,9,31,24,31,1,4,7,19,0,3,2,0,10,3,0,26,30,8,0,8,1,2,21,0,8,8,29
12:32:09,34,14,36,2,0,0,0,3,6,7,5,2,3,3,0,30,0,0,20,19,0,31,20,0,0,28,24,11,22,16,2,2,20,9,20,1,7,5,24,30,30,5,19,8,23,8,4,0,14,8,6,10,0,3,2,31,23,38,19,1,28,28,22,1,14,15,10,6,1,0,7,26,23,4,9,30,24,32,2,4,7,18,0,3,2,0,8,2,0,25,30,9,0,8,1,3,21,0,8,8,30
12:34:09,34,14,36,2,0,0,0,3,6,7,5,2,3,3,0,30,0,0,20,19,0,31,20,0,0,28,24,11,22,16,2,2,20,9,20,1,7,5,24,30,30,5,19,8,23,8,4,0,14,8,6,10,0,3,2,31,23,38,19,1,28,28,22,1,14,15,10,6,1,0,7,26,23,4,9,30,24,32,2,4,7,18,0,3,2,0,8,2,0,25,30,9,0,8,1,3,21,0,8,8,30
12:36:09,34,14,36,2,0,0,0,3,6,7,4,2,3,2,0,30,0,0,20,19,0,31,20,0,0,28,23,12,22,16,2,2,18,10,20,1,7,5,24,30,30,5,19,8,24,9,5,0,14,6,8,9,0,3,1,32,23,37,20,0,29,28,22,1,15,15,10,6,2,0,7,25,23,4,8,30,26,33,2,4,6,19,0,3,2,0,7,2,0,25,30,9,0,8,1,3,21,0,7,8,30
12:38:08,33,14,36,0,0,0,0,2,6,10,4,1,3,0,0,30,0,0,20,19,0,31,20,0,1,28,18,12,22,16,3,2,18,9,20,0,7,6,24,29,29,5,19,9,24,11,6,0,14,7,10,8,0,3,2,32,23,35,20,2,26,29,22,0,15,14,11,6,1,0,7,25,21,5,8,31,27,33,0,4,6,19,0,2,2,0,7,2,0,26,30,11,0,9,1,3,20,0,6,8,28
12:40:08,33,14,36,0,0,0,0,2,6,10,4,1,3,0,0,30,0,0,20,19,0,31,20,0,1,28,18,12,22,16,3,2,18,9,20,0,7,6,24,29,29,5,19,9,24,11,6,0,14,7,10,8,0,3,2,32,23,35,20,2,26,29,22,0,15,14,11,6,1,0,7,25,21,5,8,31,27,33,0,4,6,19,0,2,2,0,7,2,0,26,30,11,0,9,1,3,20,0,6,8,28
12:42:09,34,14,36,0,2,0,0,0,4,9,4,1,2,0,0,30,0,0,20,17,0,31,20,0,1,27,17,12,23,16,4,3,18,8,21,0,8,5,24,29,29,4,19,9,25,11,7,0,14,8,10,8,0,4,2,31,23,34,21,2,27,29,22,0,15,14,11,5,1,0,7,25,22,5,8,32,28,32,0,4,6,19,0,2,2,0,6,2,0,27,30,11,0,9,1,0,20,0,6,9,28
12:44:09,33,14,36,0,2,0,0,0,4,7,4,1,3,0,2,30,0,0,21,14,1,32,20,0,0,27,16,15,24,16,4,3,16,10,21,1,7,5,25,28,30,4,19,6,25,12,7,0,14,10,11,8,0,3,0,31,25,34,19,2,27,30,22,0,15,13,11,5,1,0,7,24,22,4,8,34,27,33,0,5,5,21,1,0,2,0,4,2,0,29,30,11,0,11,0,1,21,0,6,9,23
12:46:09,33,14,36,0,2,0,0,0,4,7,4,1,3,0,2,30,0,0,21,14,1,32,20,0,0,27,16,15,24,16,4,3,16,10,21,1,7,5,25,28,30,4,19,6,25,12,7,0,14,10,11,8,0,3,0,31,25,34,19,2,27,30,22,0,15,13,11,5,1,0,7,24,22,4,8,34,27,33,0,5,5,21,1,0,2,0,4,2,0,29,30,11,0,11,0,1,21,0,6,9,23
12:48:08,33,14,36,0,2,0,0,0,4,7,4,1,3,0,8,30,0,1,21,15,1,32,19,0,0,27,14,15,24,16,4,3,15,11,21,1,7,5,25,28,30,3,19,4,25,12,7,0,14,10,11,8,0,3,1,31,26,34,18,0,29,31,22,0,15,13,11,6,1,0,5,24,22,3,8,35,28,33,0,6,6,21,1,0,2,1,3,2,0,29,30,11,0,11,0,2,20,0,6,8,14
12:50:09,35,15,35,0,2,0,0,0,4,7,5,1,3,0,9,30,0,0,23,14,1,33,19,0,1,29,13,15,24,16,4,3,15,11,21,1,8,5,25,26,31,2,18,5,25,13,8,0,12,10,11,7,0,3,1,31,26,34,19,0,29,31,22,1,15,13,9,6,1,0,4,25,21,3,8,35,28,32,0,7,4,21,1,0,2,1,3,1,0,29,29,11,0,11,0,2,21,0,9,7,12
12:52:09,35,15,35,0,2,0,0,0,4,7,5,1,3,0,9,30,0,0,23,14,1,33,19,0,1,29,13,15,24,16,4,3,15,11,21,1,8,5,25,26,31,2,18,5,25,13,8,0,12,10,11,7,0,3,1,31,26,34,19,0,29,31,22,1,15,13,9,6,1,0,4,25,21,3,8,35,28,32,0,7,4,21,1,0,2,1,3,1,0,29,29,11,0,11,0,2,21,0,9,7,12
12:54:09,35,16,36,0,2,0,0,0,4,7,5,1,3,1,9,30,2,0,23,12,1,33,18,0,1,30,11,14,25,16,4,3,15,12,21,1,8,6,25,26,32,2,18,4,22,13,9,0,12,9,12,6,0,3,1,30,25,33,18,2,29,30,23,1,14,13,10,6,1,0,4,26,21,3,7,36,28,32,0,7,4,22,1,0,3,1,2,1,0,29,29,11,0,11,0,1,22,0,11,7,13
12:56:09,35,17,36,0,2,0,0,0,3,7,5,3,3,0,9,30,2,1,23,12,1,33,16,0,1,30,12,14,27,16,4,3,16,14,21,2,10,6,25,27,32,3,19,4,21,12,12,0,11,9,12,6,0,3,2,30,26,34,18,2,29,30,24,1,14,13,10,6,1,0,4,27,21,2,7,36,28,32,0,8,4,22,1,2,3,0,2,1,0,29,28,10,1,11,0,1,21,0,11,7,13
12:58:08,35,17,36,0,2,0,0,0,3,7,5,3,3,0,9,30,2,1,23,12,1,33,16,0,1,30,12,14,27,16,4,3,16,14,21,2,10,6,25,27,32,3,19,4,21,12,12,0,11,9,12,6,0,3,2,30,26,34,18,2,29,30,24,1,14,13,10,6,1,0,4,27,21,2,7,36,28,32,0,8,4,22,1,2,3,0,2,1,0,29,28,10,1,11,0,1,21,0,11,7,13
13:00:08,35,17,36,0,2,0,1,0,3,8,5,3,3,1,9,30,0,2,22,12,1,33,14,0,2,30,13,16,27,14,4,2,14,15,21,3,10,5,25,27,32,3,20,7,20,12,12,0,10,8,12,5,0,4,1,30,26,34,20,2,30,30,23,2,15,12,10,6,1,0,3,27,20,2,7,36,28,32,0,8,4,23,1,2,3,0,2,1,0,32,26,10,8,11,0,2,21,0,11,8,12
13:02:09,35,18,36,0,2,0,1,0,3,8,5,3,3,3,9,30,0,2,22,12,1,35,14,0,1,31,14,16,27,13,4,2,14,15,21,2,11,5,25,28,32,4,20,7,21,10,12,2,12,8,12,6,0,4,3,31,27,37,23,0,32,30,22,2,14,12,10,6,1,0,3,27,20,2,7,36,30,32,0,8,4,23,1,2,3,0,2,0,0,33,25,13,8,10,0,2,23,0,11,8,13
13:04:09,35,18,36,0,2,0,1,0,3,8,5,3,3,3,9,30,0,2,22,12,1,35,14,0,1,31,14,16,27,13,4,2,14,15,21,2,11,5,25,28,32,4,20,7,21,10,12,2,12,8,12,6,0,4,3,31,27,37,23,0,32,30,22,2,14,12,10,6,1,0,3,27,20,2,7,36,30,32,0,8,4,23,1,2,3,0,2,0,0,33,25,13,8,10,0,2,23,0,11,8,13
13:06:09,35,18,33,0,2,0,1,1,4,8,5,4,6,0,10,30,0,2,22,13,1,36,14,0,2,31,13,15,27,13,4,2,13,14,21,2,11,5,25,29,33,4,20,8,21,12,11,2,12,9,12,6,0,5,5,31,27,38,23,1,32,30,22,3,14,12,10,6,1,0,3,27,20,2,6,35,29,32,0,8,4,23,0,2,3,0,2,0,0,33,25,14,8,10,0,2,22,0,11,9,14
13:08:08,35,19,33,0,2,0,1,1,9,8,5,4,6,0,10,30,2,2,21,12,1,36,16,0,2,30,12,13,27,13,4,1,13,12,22,2,11,5,26,29,33,3,20,8,21,14,11,2,11,11,12,6,0,5,4,31,28,38,23,2,32,30,22,3,14,12,10,6,1,1,3,27,22,1,6,35,27,34,0,9,4,23,0,1,3,0,3,0,0,33,25,14,8,10,0,2,22,0,11,9,14
13:10:08,35,19,33,0,2,0,1,1,9,8,5,4,6,0,10,30,2,2,21,12,1,36,16,0,2,30,12,13,27,13,4,1,13,12,22,2,11,5,26,29,33,3,20,8,21,14,11,2,11,11,12,6,0,5,4,31,28,38,23,2,32,30,22,3,14,12,10,6,1,1,3,27,22,1,6,35,27,34,0,9,4,23,0,1,3,0,3,0,0,33,25,14,8,10,0,2,22,0,11,9,14
13:12:09,35,19,33,1,2,0,1,1,12,8,5,4,6,0,10,29,2,2,20,13,1,36,16,0,2,29,12,13,28,11,4,1,12,12,22,2,11,5,26,29,30,3,20,9,20,15,11,2,11,13,14,6,0,5,5,31,28,38,23,2,33,30,22,4,14,10,10,5,1,1,3,27,20,1,6,35,27,35,0,9,5,23,0,2,3,0,3,0,0,33,25,12,7,10,0,3,22,0,10,10,14
13:14:09,35,19,33,0,2,0,0,1,12,6,5,4,6,0,10,29,4,2,20,15,1,34,14,0,2,29,11,12,28,11,3,1,11,11,22,2,11,6,27,29,30,3,21,8,20,17,11,2,12,13,14,5,0,5,5,32,28,36,22,2,33,29,22,4,13,10,9,4,1,1,3,27,16,1,7,35,30,36,0,9,5,23,0,2,2,0,3,0,0,33,25,13,7,10,0,4,23,0,10,11,12
13:16:08,35,19,33,0,2,0,0,1,12,6,5,4,6,0,10,29,4,2,20,15,1,34,14,0,2,29,11,12,28,11,3,1,11,11,22,2,11,6,27,29,30,3,21,8,20,17,11,2,12,13,14,5,0,5,5,32,28,36,22,2,33,29,22,4,13,10,9,4,1,1,3,27,16,1,7,35,30,36,0,9,5,23,0,2,2,0,3,0,0,33,25,13,7,10,0,4,23,0,10,11,12
13:18:09,34,20,33,0,2,1,0,1,12,5,5,4,6,0,10,28,5,2,21,15,1,35,15,0,0,31,10,13,28,13,3,1,11,10,22,0,9,6,28,28,31,3,21,8,20,17,11,2,12,13,14,4,0,5,5,32,28,36,22,3,33,29,23,6,13,10,10,4,2,2,3,28,15,1,7,35,30,36,1,8,6,22,0,2,2,0,3,5,0,33,25,13,7,10,0,3,23,0,10,11,11
13:20:09,34,20,33,0,2,0,0,1,13,4,5,4,6,0,10,29,4,2,20,15,0,37,15,0,0,31,10,13,30,15,2,0,11,10,23,0,9,6,28,27,31,2,21,8,20,18,11,2,13,14,15,5,0,5,5,32,28,34,22,3,33,30,23,6,13,11,10,4,2,2,3,28,16,1,7,35,30,35,2,8,6,22,0,2,2,1,3,9,0,33,25,13,6,10,0,3,23,0,10,11,11
13:22:09,34,20,33,0,2,0,0,1,13,4,5,4,6,0,10,29,4,2,20,15,0,37,15,0,0,31,10,13,30,15,2,0,11,10,23,0,9,6,28,27,31,2,21,8,20,18,11,2,13,14,15,5,0,5,5,32,28,34,22,3,33,30,23,6,13,11,10,4,2,2,3,28,16,1,7,35,30,35,2,8,6,22,0,2,2,1,3,9,0,33,25,13,6,10,0,3,23,0,10,11,11
13:24:08,34,20,33,0,1,0,0,2,13,3,6,4,6,1,10,29,4,2,20,15,6,37,14,0,0,31,11,12,31,16,2,0,11,10,23,0,9,5,29,27,33,2,21,8,20,16,10,0,13,16,16,5,0,4,5,32,27,33,22,3,33,30,24,5,13,11,10,3,2,2,2,28,18,2,8,35,29,36,2,9,4,22,0,2,2,1,2,9,0,33,25,15,5,10,1,1,23,0,10,12,11
13:26:09,35,20,33,0,2,0,0,2,13,2,6,4,6,1,10,29,3,2,21,17,10,37,13,0,3,31,10,12,31,16,2,0,11,11,23,0,9,5,30,27,33,1,21,8,19,15,12,0,14,17,17,5,0,4,5,31,27,33,22,4,32,30,24,6,13,11,10,1,2,3,2,28,19,2,8,34,29,36,2,9,4,22,0,1,2,1,2,9,0,33,25,16,5,10,1,2,23,0,10,12,10
13:28:09,35,20,33,0,2,0,0,2,13,2,6,4,6,1,10,29,3,2,21,17,10,37,13,0,3,31,10,12,31,16,2,0,11,11,23,0,9,5,30,27,33,1,21,8,19,15,12,0,14,17,17,5,0,4,5,31,27,33,22,4,32,30,24,6,13,11,10,1,2,3,2,28,19,2,8,34,29,36,2,9,4,22,0,1,2,1,2,9,0,33,25,16,5,10,1,2,23,0,10,12,10
13:30:09,35,20,33,0,8,0,1,3,13,2,6,4,6,2,9,29,3,1,20,14,10,40,15,0,12,31,10,12,32,16,1,0,11,10,23,1,10,6,29,26,33,2,22,10,21,13,14,0,14,17,18,5,0,3,5,30,28,33,24,6,32,30,24,6,13,11,10,0,3,3,3,29,17,2,8,34,29,35,0,9,2,23,0,1,2,1,2,9,0,32,25,16,5,10,1,2,23,0,11,12,10
13:32:08,34,20,33,0,11,0,1,3,13,2,6,4,6,2,8,29,4,1,20,14,10,40,15,0,20,31,9,12,34,15,1,0,12,10,24,0,10,6,29,27,33,3,22,10,21,14,14,0,14,18,18,4,0,3,5,30,28,32,26,7,32,30,24,7,13,11,10,0,3,3,3,29,16,2,8,33,28,35,0,9,0,23,0,1,2,1,2,8,0,32,24,16,5,10,1,2,23,1,13,11,10
13:34:08,34,20,33,0,11,0,1,3,13,2,6,4,6,2,8,29,4,1,20,14,10,40,15,0,20,31,9,12,34,15,1,0,12,10,24,0,10,6,29,27,33,3,22,10,21,14,14,0,14,18,18,4,0,3,5,30,28,32,26,7,32,30,24,7,13,11,10,0,3,3,3,29,16,2,8,33,28,35,0,9,0,23,0,1,2,1,2,8,0,32,24,16,5,10,1,2,23,1,13,11,10
13:36:09,34,20,33,0,11,0,0,3,12,2,6,4,5,2,8,29,3,0,20,14,10,40,15,0,20,31,9,12,33,15,0,0,12,10,25,0,11,7,29,27,33,3,22,9,21,14,14,0,14,18,18,6,0,2,5,30,29,32,26,7,32,30,24,7,15,11,10,0,3,3,7,31,17,2,8,32,28,34,0,7,0,23,0,2,2,1,2,8,0,32,24,17,4,10,1,1,23,0,13,11,10
13:38:09,34,20,33,0,11,1,0,3,12,2,6,4,2,2,7,29,3,0,20,14,10,40,13,0,18,30,9,13,33,15,0,0,11,10,24,0,11,7,29,28,33,3,22,9,21,14,15,0,14,17,17,7,0,2,4,29,29,32,26,7,33,29,24,7,15,11,9,1,3,3,15,31,21,2,8,32,28,34,0,7,0,23,0,2,2,2,2,8,0,32,24,19,4,10,0,0,23,0,13,11,9
13:40:09,34,20,33,0,11,1,0,3,12,2,6,4,2,2,7,29,3,0,20,14,10,40,13,0,18,30,9,13,33,15,0,0,11,10,24,0,11,7,29,28,33,3,22,9,21,14,15,0,14,17,17,7,0,2,4,29,29,32,26,7,33,29,24,7,15,11,9,1,3,3,15,31,21,2,8,32,28,34,0,7,0,23,0,2,2,2,2,8,0,32,24,19,4,10,0,0,23,0,13,11,9
13:42:08,34,20,33,0,11,1,0,3,12,2,6,4,2,2,7,29,5,0,21,14,10,40,14,0,18,30,11,13,33,15,0,0,9,10,24,1,11,7,30,29,33,3,22,9,22,12,15,0,13,17,17,7,0,3,4,29,29,32,26,6,34,29,24,8,15,11,9,1,3,2,21,31,23,2,7,32,28,34,0,6,0,23,0,0,2,2,3,7,0,31,23,20,4,12,0,1,23,0,13,10,9
13:44:08,33,21,33,0,11,1,1,3,12,3,6,4,2,2,6,28,4,0,21,19,10,40,14,0,18,29,11,15,35,15,0,0,10,11,24,1,10,7,30,30,33,4,22,9,22,12,15,0,13,17,18,7,0,2,4,29,14,32,26,6,32,29,24,8,15,11,9,1,3,2,21,31,23,2,5,31,29,34,0,5,0,23,0,0,2,2,3,7,0,31,24,21,4,12,0,1,23,0,13,10,9
13:46:09,33,21,33,0,11,1,1,3,12,3,6,4,2,2,6,28,4,0,21,19,10,40,14,0,18,29,11,15,35,15,0,0,10,11,24,1,10,7,30,30,33,4,22,9,22,12,15,0,13,17,18,7,0,2,4,29,14,32,26,6,32,29,24,8,15,11,9,1,3,2,21,31,23,2,5,31,29,34,0,5,0,23,0,0,2,2,3,7,0,31,24,21,4,12,0,1,23,0,13,10,9
13:48:09,33,21,33,0,11,1,1,3,12,3,6,4,3,2,6,28,4,0,20,19,10,40,14,0,18,29,11,15,36,15,0,0,11,11,24,1,9,7,30,30,33,4,22,11,22,12,17,0,14,17,18,7,0,3,4,29,14,34,25,6,31,28,24,8,15,11,9,1,3,2,21,31,23,2,5,31,29,32,0,5,0,22,0,0,2,2,3,7,0,31,24,21,4,12,0,2,23,0,12,10,8
13:50:09,33,21,33,0,11,1,1,3,12,3,6,4,3,2,6,28,4,0,20,19,10,40,14,0,18,29,11,15,36,15,0,0,11,11,24,1,9,7,30,30,33,4,22,11,22,12,17,0,14,17,18,7,0,3,4,29,14,34,25,6,31,28,24,8,15,11,9,1,3,2,21,31,23,2,5,31,29,32,0,5,0,22,0,0,2,2,3,7,0,31,24,21,4,12,0,2,23,0,12,10,8
13:52:08,33,21,33,0,11,1,1,3,12,3,6,4,3,2,6,28,4,0,20,19,10,40,14,0,18,29,11,15,36,15,0,0,11,11,24,1,9,7,30,30,33,4,22,11,22,12,17,0,14,17,18,7,0,3,4,29,14,34,25,6,31,28,24,8,15,11,9,1,3,2,21,31,23,2,5,31,29,32,0,5,0,22,0,0,2,2,3,7,0,31,24,21,4,12,0,2,23,0,12,10,8
13:54:08,32,20,32,0,13,2,0,3,12,3,6,4,3,0,6,28,4,0,19,20,9,37,14,0,15,29,12,14,36,15,0,0,12,12,25,1,9,8,30,30,33,5,23,11,23,12,18,0,13,15,17,7,0,1,2,29,11,33,25,7,31,28,25,8,15,8,9,2,2,2,20,31,23,2,5,34,30,32,0,5,0,22,0,2,2,3,4,7,0,30,26,21,5,12,1,4,23,0,13,10,9
13:56:09,32,20,33,0,13,2,0,2,12,3,6,4,3,0,5,28,4,0,19,20,8,37,14,0,15,28,14,14,36,15,1,0,12,12,25,1,9,8,30,29,33,5,23,11,23,12,19,0,13,15,17,8,0,0,0,29,11,33,25,7,30,28,24,8,15,8,9,2,2,2,20,32,23,2,5,34,30,32,0,5,0,22,0,2,2,3,4,7,0,30,26,21,5,12,1,4,23,0,13,10,9
13:58:09,32,20,33,0,13,2,1,2,12,4,6,4,3,0,5,28,4,0,19,19,8,36,13,0,15,28,14,14,36,15,1,0,13,12,25,1,8,9,30,30,33,6,24,11,23,11,19,0,13,15,17,8,0,1,1,29,11,33,25,7,32,28,24,8,15,8,9,2,2,2,21,32,23,2,5,34,30,32,0,4,1,22,0,2,2,3,4,7,0,30,26,21,5,12,1,4,23,0,13,10,9
14:00:08,32,20,35,0,11,2,0,2,12,4,6,4,3,0,5,28,4,0,18,19,8,36,13,0,16,30,14,13,36,15,0,0,13,13,25,2,8,9,30,22,32,6,24,11,23,12,18,0,13,15,18,8,0,2,2,29,11,33,25,7,32,28,24,8,14,8,10,2,2,1,21,32,23,3,5,34,30,31,0,4,0,22,0,2,2,3,4,7,0,30,27,22,5,12,1,2,22,0,15,10,10
14:02:09,32,20,35,0,11,2,0,2,12,4,6,4,3,0,5,28,4,0,18,19,8,36,13,0,16,30,14,13,36,15,0,0,13,13,25,2,8,9,30,22,32,6,24,11,23,12,18,0,13,15,18,8,0,2,2,29,11,33,25,7,32,28,24,8,14,8,10,2,2,1,21,32,23,3,5,34,30,31,0,4,0,22,0,2,2,3,4,7,0,30,27,22,5,12,1,2,22,0,15,10,10
14:04:09,31,20,35,0,11,2,0,0,12,4,6,4,4,1,5,29,5,0,19,19,8,35,13,0,17,30,14,14,36,15,0,0,13,13,25,2,7,9,30,23,32,6,24,12,22,11,18,0,13,13,18,8,0,3,3,30,12,33,25,7,32,29,24,8,14,8,9,2,1,1,21,32,23,3,7,36,30,29,0,3,0,21,0,2,2,3,4,7,0,30,27,22,5,13,1,1,22,0,15,10,10
14:06:09,30,20,34,0,11,2,0,0,12,3,6,4,4,0,5,30,5,0,19,19,7,35,13,0,17,30,14,14,34,15,1,0,13,13,25,2,7,9,30,14,32,5,24,12,22,12,18,1,13,13,17,8,0,3,5,30,12,33,25,7,32,30,24,8,15,9,8,7,1,1,21,32,23,3,7,36,30,29,0,3,0,22,0,3,2,3,4,7,0,30,27,15,5,13,1,2,23,0,15,10,10
14:08:08,30,20,34,0,11,2,0,0,12,3,6,4,4,0,5,30,5,0,19,19,7,35,13,0,17,30,14,14,34,15,1,0,13,13,25,2,7,9,30,14,32,5,24,12,22,12,18,1,13,13,17,8,0,3,5,30,12,33,25,7,32,30,24,8,15,9,8,7,1,1,21,32,23,3,7,36,30,29,0,3,0,22,0,3,2,3,4,7,0,30,27,15,5,13,1,2,23,0,15,10,10
14:10:09,30,20,34,1,11,2,0,1,12,3,7,4,4,0,4,29,5,0,20,18,7,34,12,0,17,31,14,14,34,15,1,0,12,12,25,0,7,9,30,17,32,4,23,12,22,11,18,1,13,13,17,8,0,3,5,30,12,34,25,7,33,31,25,7,15,8,8,17,1,1,22,33,23,3,7,35,28,29,1,2,0,23,0,4,4,3,3,7,0,30,28,11,5,14,1,2,23,0,15,9,11
14:12:09,30,19,34,3,11,3,0,1,12,3,7,4,4,0,4,29,5,0,19,18,7,34,12,0,17,31,12,15,34,15,1,0,12,11,25,0,8,8,30,17,32,4,23,14,23,10,17,1,13,13,15,7,0,3,4,30,12,34,25,6,33,31,26,7,15,8,8,19,1,1,22,34,23,3,7,35,26,29,1,3,0,22,0,4,4,3,3,8,0,29,27,6,5,15,1,2,23,0,15,9,11
14:14:08,30,19,34,3,11,3,0,1,12,3,7,4,4,0,4,29,5,0,19,18,7,34,12,0,17,31,12,15,34,15,1,0,12,11,25,0,8,8,30,17,32,4,23,14,23,10,17,1,13,13,15,7,0,3,4,30,12,34,25,6,33,31,26,7,15,8,8,19,1,1,22,34,23,3,7,35,26,29,1,3,0,22,0,4,4,3,3,8,0,29,27,6,5,15,1,2,23,0,15,9,11
14:16:09,30,19,33,3,11,3,0,1,12,4,7,3,5,0,2,29,5,0,18,18,7,34,12,1,17,31,12,16,34,16,1,0,12,10,25,1,8,8,29,17,32,5,23,15,23,10,18,1,13,14,15,7,0,3,5,30,12,34,25,5,33,31,26,8,14,8,8,19,1,1,22,34,23,2,7,34,25,30,1,3,0,22,0,4,4,3,3,8,0,29,28,5,5,15,1,0,23,0,16,9,9
14:18:09,30,19,33,3,11,3,0,1,12,4,7,3,6,0,2,27,6,0,19,18,7,33,12,1,17,31,12,17,34,16,2,1,12,10,25,1,8,8,29,17,32,5,22,15,23,11,20,1,13,14,17,8,0,3,5,30,12,34,25,4,34,34,26,8,13,7,8,19,1,1,22,34,23,2,7,33,27,32,1,2,0,22,0,4,5,3,2,8,0,29,28,5,5,15,1,2,23,0,16,8,9
14:20:09,30,19,33,3,11,3,0,1,12,4,7,3,6,0,2,27,6,0,19,18,7,33,12,1,17,31,12,17,34,16,2,1,12,10,25,1,8,8,29,17,32,5,22,15,23,11,20,1,13,14,17,8,0,3,5,30,12,34,25,4,34,34,26,8,13,7,8,19,1,1,22,34,23,2,7,33,27,32,1,2,0,22,0,4,5,3,2,8,0,29,28,5,5,15,1,2,23,0,16,8,9
14:22:09,29,19,33,3,11,3,0,0,12,5,7,3,8,1,2,27,6,0,19,18,7,33,12,2,14,31,12,18,34,16,2,1,12,10,25,1,9,8,29,17,32,5,22,16,24,11,20,1,13,14,17,8,0,3,5,30,12,34,29,6,35,34,25,9,15,7,8,19,0,1,22,33,23,2,6,33,27,33,1,2,0,22,0,4,12,3,2,8,0,29,28,5,5,15,1,3,23,0,16,8,9
14:24:08,29,19,32,4,11,3,0,1,12,5,7,3,8,0,1,27,6,1,18,18,7,34,10,2,14,31,13,18,33,16,3,1,13,11,25,1,9,8,29,17,32,6,20,18,25,11,20,1,14,14,17,8,0,3,6,31,12,34,35,6,35,34,25,9,15,7,8,18,0,1,22,33,23,1,6,33,26,33,1,2,0,22,0,4,13,2,2,8,0,28,28,5,6,15,1,3,23,0,16,7,9
14:26:08,29,19,32,4,11,3,0,1,12,5,7,3,8,0,1,27,6,1,18,18,7,34,10,2,14,31,13,18,33,16,3,1,13,11,25,1,9,8,29,17,32,6,20,18,25,11,20,1,14,14,17,8,0,3,6,31,12,34,35,6,35,34,25,9,15,7,8,18,0,1,22,33,23,1,6,33,26,33,1,2,0,22,0,4,13,2,2,8,0,28,28,5,6,15,1,3,23,0,16,7,9
14:28:09,28,19,32,4,12,2,0,1,12,5,7,3,8,0,0,26,5,0,18,19,6,34,10,2,13,32,13,18,33,16,4,1,13,12,25,1,8,8,29,18,32,6,19,19,24,10,20,1,14,13,17,8,0,3,6,31,12,33,37,6,35,33,25,9,13,7,9,18,0,0,22,33,23,0,6,32,25,33,1,0,0,23,0,4,13,2,2,8,0,29,28,4,6,14,1,3,23,1,16,7,7
14:30:09,28,19,32,4,12,2,0,1,12,4,7,3,9,0,0,26,5,0,18,19,6,34,10,2,11,32,14,18,33,14,3,1,13,12,25,1,8,8,29,18,32,5,17,20,24,10,20,1,15,11,17,8,0,3,6,31,12,33,40,7,35,33,10,9,13,7,8,17,0,0,22,32,23,0,6,32,24,33,1,0,0,23,0,4,13,2,2,8,0,29,28,4,6,14,1,3,23,1,16,7,6
14:32:08,28,19,32,4,12,2,0,1,12,4,7,3,9,0,0,26,5,0,18,19,6,34,10,2,11,32,14,18,33,14,3,1,13,12,25,1,8,8,29,18,32,5,17,20,24,10,20,1,15,11,17,8,0,3,6,31,12,33,40,7,35,33,10,9,13,7,8,17,0,0,22,32,23,0,6,32,24,33,1,0,0,23,0,4,13,2,2,8,0,29,28,4,6,14,1,3,23,1,16,7,6
14:34:08,27,19,32,4,12,1,0,2,12,3,8,3,10,0,0,26,5,0,18,20,6,34,12,2,12,33,15,19,33,15,3,1,13,11,24,0,8,8,29,18,32,5,17,19,24,12,20,1,15,11,17,11,0,3,6,31,14,32,40,7,34,33,7,9,14,7,8,17,0,0,23,32,23,0,6,32,19,33,1,0,0,23,0,4,14,2,2,8,0,30,28,4,6,14,1,3,23,2,16,7,6
14:36:09,29,19,32,4,13,0,0,3,12,2,8,3,11,0,0,26,5,0,17,20,6,34,12,2,11,33,15,19,33,15,0,1,13,11,24,0,9,8,29,18,32,6,17,20,24,14,20,1,15,11,16,11,0,4,6,31,15,32,40,6,33,34,7,9,14,7,8,17,0,0,23,32,23,0,5,33,18,32,1,1,1,23,0,4,14,0,2,7,0,30,28,3,6,14,1,3,23,2,15,6,7
14:38:09,29,19,32,4,13,0,0,3,12,2,8,3,11,0,0,26,5,0,17,20,6,34,12,2,11,33,15,19,33,15,0,1,13,11,24,0,9,8,29,18,32,6,17,20,24,14,20,1,15,11,16,11,0,4,6,31,15,32,40,6,33,34,7,9,14,7,8,17,0,0,23,32,23,0,5,33,18,32,1,1,1,23,0,4,14,0,2,7,0,30,28,3,6,14,1,3,23,2,15,6,7
14:40:08,29,19,32,4,13,0,0,3,11,2,8,4,11,1,0,27,5,1,15,20,6,34,12,1,9,33,16,19,32,15,0,3,13,11,22,0,7,9,29,18,32,6,17,12,24,14,19,1,15,9,15,9,0,4,5,31,15,32,39,6,33,34,7,9,14,6,8,18,0,0,23,32,23,0,4,34,16,32,1,0,1,23,0,4,14,1,2,7,0,30,28,3,6,14,0,3,23,2,14,6,8
14:42:09,29,19,32,4,13,0,0,3,11,2,8,4,11,2,0,28,4,2,15,20,6,34,12,1,10,33,16,17,32,15,0,3,13,11,20,1,7,10,28,18,32,8,16,10,13,15,19,0,14,8,15,9,0,4,5,31,15,34,39,6,33,34,7,9,16,6,8,18,0,1,23,32,23,0,4,34,13,32,1,0,2,24,0,4,14,1,2,7,0,30,28,3,6,14,0,5,23,2,14,6,8
14:44:09,29,19,32,4,13,0,0,3,11,2,8,4,11,2,0,28,4,2,15,20,6,34,12,1,10,33,16,17,32,15,0,3,13,11,20,1,7,10,28,18,32,8,16,10,13,15,19,0,14,8,15,9,0,4,5,31,15,34,39,6,33,34,7,9,16,6,8,18,0,1,23,32,23,0,4,34,13,32,1,0,2,24,0,4,14,1,2,7,0,30,28,3,6,14,0,5,23,2,14,6,8
14:46:09,29,19,32,4,12,0,0,3,11,2,8,4,11,2,0,28,4,2,16,20,6,34,12,1,10,33,16,19,32,15,1,3,22,10,20,1,8,11,28,18,32,8,16,10,2,15,19,2,13,8,13,9,0,4,6,31,15,34,40,8,33,33,6,9,16,16,9,19,0,1,23,33,23,1,4,33,12,32,1,1,2,24,0,4,14,1,2,7,0,30,28,3,6,14,0,6,23,2,14,7,8
14:48:09,29,19,32,4,12,0,0,3,11,2,8,4,11,2,0,28,4,2,16,20,6,34,12,1,10,33,16,19,32,15,1,3,22,10,20,1,8,11,28,18,32,8,16,10,2,15,19,2,13,8,13,9,0,4,6,31,15,34,40,8,33,33,6,9,16,16,9,19,0,1,23,33,23,1,4,33,12,32,1,1,2,24,0,4,14,1,2,7,0,30,28,3,6,14,0,6,23,2,14,7,8
14:50:08,29,19,32,4,12,0,0,3,11,2,7,4,12,0,0,28,4,3,17,19,6,34,11,1,10,33,18,19,32,15,0,5,22,8,20,1,8,11,28,18,32,8,16,10,2,14,19,2,14,8,13,9,0,3,6,31,16,34,40,8,34,35,6,9,17,24,11,19,0,1,23,33,23,1,3,34,16,32,1,1,2,24,0,4,14,1,2,7,0,30,29,3,5,14,0,7,23,2,12,7,8
14:52:08,29,19,32,4,12,0,0,3,11,2,7,4,12,0,0,28,3,2,17,20,6,34,11,1,10,33,18,19,32,15,0,5,22,8,19,1,8,12,28,19,32,8,16,10,2,15,19,2,14,8,14,8,0,5,6,31,16,34,40,8,34,35,6,7,17,24,11,19,0,1,24,34,23,1,4,34,16,31,1,1,2,24,0,5,14,1,0,7,0,30,29,3,5,14,0,7,23,2,9,7,8
14:54:09,29,19,32,4,12,0,0,3,11,2,7,4,12,0,0,28,3,2,17,20,6,34,11,1,10,33,18,19,32,15,0,5,22,8,19,1,8,12,28,19,32,8,16,10,2,15,19,2,14,8,14,8,0,5,6,31,16,34,40,8,34,35,6,7,17,24,11,19,0,1,24,34,23,1,4,34,16,31,1,1,2,24,0,5,14,1,0,7,0,30,29,3,5,14,0,7,23,2,9,7,8
14:56:09,29,19,32,4,11,0,0,3,11,3,7,4,12,0,0,28,3,2,17,20,6,34,11,0,10,33,18,19,33,15,1,5,22,7,19,1,8,12,28,20,32,9,16,8,7,15,19,2,14,8,7,9,0,5,6,31,16,34,39,7,34,35,6,7,18,23,11,20,0,1,24,34,23,1,4,35,17,32,0,1,2,24,0,5,14,2,3,8,0,30,29,3,5,14,0,7,23,2,9,6,8
14:58:08,28,19,32,4,11,0,0,3,11,4,7,3,12,1,0,27,3,2,17,19,6,34,11,1,11,33,18,18,33,15,1,4,21,6,19,3,8,12,28,19,32,10,16,8,11,17,19,2,14,8,4,9,0,5,6,30,16,35,39,7,34,33,5,7,19,21,11,20,2,0,24,34,23,1,4,35,19,30,0,1,3,24,0,5,14,2,3,8,1,30,29,3,5,15,0,7,23,0,8,5,9
15:00:09,28,19,32,4,11,0,0,3,11,4,7,3,12,1,0,27,3,2,17,19,6,34,11,1,11,33,18,18,33,15,1,4,21,6,19,3,8,12,28,19,32,10,16,8,11,17,19,2,14,8,4,9,0,5,6,30,16,35,39,7,34,33,5,7,19,21,11,20,2,0,24,34,23,1,4,35,19,30,0,1,3,24,0,5,14,2,3,8,1,30,29,3,5,15,0,7,23,0,8,5,9
15:02:09,29,19,32,4,11,0,0,3,11,4,7,3,12,1,0,27,3,2,17,19,6,34,11,1,11,32,18,19,33,14,1,4,21,5,18,3,8,12,28,19,31,10,16,8,11,18,20,2,14,7,4,9,0,5,6,30,16,36,39,7,34,33,5,7,19,21,11,20,2,0,24,34,23,1,2,35,20,30,0,1,3,23,0,5,14,2,3,8,1,30,29,3,5,16,0,7,23,0,7,5,9
15:04:09,29,19,32,4,11,0,0,3,10,4,6,3,12,1,0,27,3,2,16,20,5,34,11,1,11,31,18,19,32,14,1,4,19,5,23,3,9,12,28,19,32,11,16,7,11,20,21,2,14,9,4,9,0,6,6,30,16,36,38,7,33,33,5,6,20,18,11,20,2,0,24,34,23,0,2,34,17,30,0,1,3,23,0,5,14,2,3,8,1,30,29,2,5,16,0,6,23,0,6,4,9
15:06:08,29,19,32,4,11,0,0,3,10,4,6,3,12,1,0,27,3,2,16,20,5,34,11,1,11,31,18,19,32,14,1,4,19,5,23,3,9,12,28,19,32,11,16,7,11,20,21,2,14,9,4,9,0,6,6,30,16,36,38,7,33,33,5,6,20,18,11,20,2,0,24,34,23,0,2,34,17,30,0,1,3,23,0,5,14,2,3,8,1,30,29,2,5,16,0,6,23,0,6,4,9
15:08:08,29,19,32,4,11,0,1,2,10,4,6,3,13,0,1,27,2,2,14,20,5,33,11,2,9,31,18,20,29,12,1,3,19,4,28,3,9,11,28,19,32,10,16,9,10,19,22,2,14,11,5,7,0,7,6,30,16,36,38,7,31,33,5,6,21,16,11,20,2,1,21,34,19,0,2,32,17,29,0,1,3,24,0,5,14,2,2,8,1,29,27,0,5,17,0,6,22,0,5,4,8
15:10:09,28,18,32,3,11,0,1,2,10,4,6,3,10,1,0,27,2,2,13,19,5,33,11,2,9,31,16,19,30,12,1,3,18,3,30,3,11,11,28,19,32,10,15,10,10,17,23,2,14,11,5,7,0,6,5,30,16,32,38,8,29,35,5,6,21,16,10,20,2,2,21,34,19,0,2,32,13,29,0,0,3,24,0,5,14,2,2,8,1,29,27,0,5,17,0,8,22,0,5,3,8
15:12:09,28,18,32,3,11,0,1,2,10,4,6,3,10,1,0,27,2,2,13,19,5,33,11,2,9,31,16,19,30,12,1,3,18,3,30,3,11,11,28,19,32,10,15,10,10,17,23,2,14,11,5,7,0,6,5,30,16,32,38,8,29,35,5,6,21,16,10,20,2,2,21,34,19,0,2,32,13,29,0,0,3,24,0,5,14,2,2,8,1,29,27,0,5,17,0,8,22,0,5,3,8
15:14:08,28,19,32,3,11,0,1,2,10,4,6,3,7,4,0,26,3,1,11,20,4,32,11,0,9,31,16,19,30,12,1,3,16,3,30,3,11,11,28,19,32,9,15,10,10,16,25,2,14,9,5,7,0,5,3,29,16,31,37,8,29,35,5,6,20,16,9,21,2,2,21,34,20,0,1,28,13,29,0,0,6,25,0,5,14,2,2,9,1,29,25,0,5,16,0,8,22,0,5,3,7
15:16:08,28,19,32,3,11,1,1,0,11,4,6,3,6,5,0,26,5,1,12,20,4,32,11,0,10,31,16,18,30,12,0,3,15,3,30,1,11,10,27,17,36,10,15,12,9,18,24,0,13,9,6,6,0,5,3,28,16,29,38,8,27,36,5,4,19,14,9,23,1,2,21,34,21,0,0,30,13,29,0,0,6,25,0,5,14,2,3,9,1,28,25,0,5,16,1,8,22,0,5,2,7
15:18:09,28,19,32,3,11,1,1,0,11,4,6,3,6,5,0,26,5,1,12,20,4,32,11,0,10,31,16,18,30,12,0,3,15,3,30,1,11,10,27,17,36,10,15,12,9,18,24,0,13,9,6,6,0,5,3,28,16,29,38,8,27,36,5,4,19,14,9,23,1,2,21,34,21,0,0,30,13,29,0,0,6,25,0,5,14,2,3,9,1,28,25,0,5,16,1,8,22,0,5,2,7
15:20:09,24,19,32,4,11,1,1,0,11,5,6,8,9,7,0,26,5,1,12,20,4,30,11,0,10,31,17,19,30,12,0,3,13,2,30,0,11,10,27,17,36,10,14,12,8,20,27,0,13,7,6,6,0,5,4,27,16,27,38,8,28,39,5,4,21,14,9,22,0,2,21,34,23,1,0,28,12,29,0,0,6,26,0,5,15,2,3,9,1,28,25,0,4,16,1,9,22,0,6,2,6
15:22:09,23,19,32,4,12,1,1,1,11,7,8,15,19,9,0,26,3,2,12,20,4,30,12,0,10,31,17,17,27,12,0,4,13,2,30,0,14,10,27,18,36,8,14,10,9,20,28,0,15,7,6,5,0,5,4,27,16,25,38,7,28,39,5,4,20,14,9,23,0,2,21,35,23,1,0,28,11,29,0,1,7,25,0,4,14,3,3,9,1,28,24,0,4,18,1,10,22,0,6,2,6
15:24:09,23,19,32,4,12,1,1,1,11,7,8,15,19,9,0,26,3,2,12,20,4,30,12,0,10,31,17,17,27,12,0,4,13,2,30,0,14,10,27,18,36,8,14,10,9,20,28,0,15,7,6,5,0,5,4,27,16,25,38,7,28,39,5,4,20,14,9,23,0,2,21,35,23,1,0,28,11,29,0,1,7,25,0,4,14,3,3,9,1,28,24,0,4,18,1,10,22,0,6,2,6
15:26:09,21,19,32,4,12,1,1,1,11,8,8,17,22,9,0,26,0,4,13,20,3,28,12,0,10,29,16,17,27,12,0,5,13,2,29,1,14,11,27,19,36,7,14,10,10,20,29,0,17,7,8,4,0,5,4,27,16,24,38,7,26,39,4,2,20,13,9,22,1,2,21,36,23,1,5,29,11,30,0,1,6,25,0,4,12,3,2,9,1,27,24,0,4,18,1,12,21,0,6,0,6
15:28:09,21,18,32,4,12,2,1,1,11,10,11,19,24,10,0,25,0,6,15,19,2,27,11,0,10,29,16,15,27,11,0,6,11,0,28,0,13,12,27,20,36,5,14,10,11,21,30,1,19,6,8,4,0,4,5,26,17,23,37,6,26,39,4,2,20,12,8,22,1,1,21,36,23,1,9,29,9,30,0,1,8,25,0,2,12,3,0,8,2,26,24,0,4,18,1,11,21,1,6,1,6
15:30:09,21,18,32,4,12,2,1,1,11,10,11,19,24,10,0,25,0,6,15,19,2,27,11,0,10,29,16,15,27,11,0,6,11,0,28,0,13,12,27,20,36,5,14,10,11,21,30,1,19,6,8,4,0,4,5,26,17,23,37,6,26,39,4,2,20,12,8,22,1,1,21,36,23,1,9,29,9,30,0,1,8,25,0,2,12,3,0,8,2,26,24,0,4,18,1,11,21,1,6,1,6
15:32:08,20,18,32,4,12,3,2,0,11,13,12,19,25,12,1,23,0,7,14,19,2,27,11,0,8,29,15,13,27,10,0,6,10,2,27,1,14,15,26,17,36,5,14,10,11,22,21,2,21,5,6,6,0,4,4,26,16,22,36,5,26,39,4,2,21,12,8,24,0,2,21,35,23,1,11,28,7,30,0,1,8,25,0,2,12,3,0,7,2,26,22,0,3,20,1,11,21,1,5,1,5
15:34:09,20,18,32,4,12,3,2,0,11,13,12,19,25,12,1,23,0,7,14,19,2,27,11,1,7,29,15,13,27,10,0,6,10,2,27,0,14,15,26,17,34,5,14,9,11,22,16,2,22,5,6,6,3,4,4,26,16,20,36,5,26,39,4,2,21,12,7,24,1,2,20,35,23,2,13,27,7,29,0,2,6,24,0,2,12,3,0,7,2,26,21,1,3,20,1,11,19,1,3,1,5
15:36:09,20,18,32,4,12,3,2,0,11,13,12,19,25,12,1,23,0,7,14,19,2,27,11,1,7,29,15,13,27,10,0,6,10,2,27,0,14,15,26,17,34,5,14,9,11,22,16,2,22,5,6,6,3,4,4,26,16,20,36,5,26,39,4,2,21,12,7,24,1,2,20,35,23,2,13,27,7,29,0,2,6,24,0,2,12,3,0,7,2,26,21,1,3,20,1,11,19,1,3,1,5
15:38:09,20,18,32,4,12,3,2,0,11,13,12,19,25,12,1,23,0,7,14,19,2,27,11,1,7,29,15,13,27,10,0,6,10,2,27,0,14,15,26,17,34,5,14,9,11,22,16,2,22,5,6,6,3,4,4,26,16,20,36,5,26,39,4,2,21,12,7,24,1,2,20,35,23,2,13,27,7,29,0,2,6,24,0,2,12,3,0,7,2,26,21,1,3,20,1,11,19,1,3,1,5
15:40:09,18,19,32,4,13,3,2,3,9,9,9,19,25,14,0,24,2,7,12,18,1,27,11,1,6,27,13,14,25,10,0,4,5,3,26,0,17,14,26,17,34,4,13,8,12,22,16,2,22,3,5,8,4,3,4,25,15,16,37,3,22,39,5,1,7,11,8,24,1,2,19,35,23,2,12,29,6,21,0,4,5,23,0,1,12,3,1,7,2,25,21,2,3,20,3,11,19,2,2,0,4
15:42:08,19,19,31,4,13,4,2,5,9,8,9,19,25,14,0,24,2,8,14,16,0,26,8,1,5,25,11,14,21,10,0,5,4,2,26,0,17,12,24,17,33,4,13,9,11,23,18,0,23,2,5,6,6,7,5,26,15,16,37,3,23,38,6,1,2,10,8,24,1,1,18,36,23,2,12,29,3,20,0,4,5,23,0,0,12,3,1,6,2,25,21,2,3,20,4,12,19,2,0,0,3
15:44:09,19,19,31,4,13,4,2,5,10,10,9,18,25,14,0,24,2,8,15,17,0,26,8,1,4,25,11,14,18,9,0,8,3,2,25,0,17,11,24,19,33,3,13,11,10,23,19,0,23,0,5,6,6,8,6,26,16,15,37,3,22,40,6,1,2,10,8,24,3,0,18,36,23,2,12,29,4,21,0,3,5,23,0,0,12,3,1,7,2,23,20,2,3,21,4,12,18,2,0,0,5
15:46:09,20,19,31,3,13,6,3,4,10,11,10,17,25,14,0,23,5,8,15,17,0,26,8,1,4,25,11,14,18,9,0,10,2,0,23,0,18,12,22,19,33,3,13,12,9,22,22,0,24,0,5,5,6,9,5,27,17,13,37,2,21,40,6,0,2,10,8,24,2,1,18,37,23,2,12,30,1,21,0,2,5,24,0,0,13,3,0,7,2,23,20,3,3,24,4,13,18,2,0,2,5
15:48:09,20,19,31,3,13,6,3,4,10,11,10,17,25,14,0,23,5,8,15,17,0,26,8,1,4,25,11,14,18,9,0,10,2,0,23,0,18,12,22,19,33,3,13,12,9,22,22,0,24,0,5,5,6,9,5,27,17,13,37,2,21,40,6,0,2,10,8,24,2,1,18,37,23,2,12,30,1,21,0,2,5,24,0,0,13,3,0,7,2,23,20,3,3,24,4,13,18,2,0,2,5
15:50:08,22,20,29,4,13,6,4,6,9,10,10,18,25,15,0,23,5,8,17,18,0,24,8,1,1,23,11,13,17,8,0,11,0,0,20,0,19,12,22,22,33,3,13,13,10,22,23,1,24,1,6,2,8,9,6,27,17,13,35,2,20,39,6,0,2,8,6,23,2,1,20,37,23,2,13,30,2,19,0,0,6,24,1,1,16,4,3,6,2,23,20,3,3,26,4,13,17,2,0,2,6
15:52:09,14,20,28,4,13,7,4,6,8,11,10,17,25,16,0,23,4,7,18,18,0,25,8,1,0,23,12,11,17,8,0,11,0,0,16,0,19,12,22,23,33,3,13,13,10,22,24,1,27,0,5,0,9,10,6,27,16,13,35,2,20,39,6,0,0,8,6,21,2,0,18,37,23,2,14,30,1,18,1,0,5,24,1,0,16,6,4,6,2,22,20,3,3,27,4,11,17,2,0,3,6
15:54:08,14,20,28,4,13,7,4,6,8,11,10,17,25,16,0,23,4,7,18,18,0,25,8,1,0,23,12,11,17,8,0,11,0,0,16,0,19,12,22,23,33,3,13,13,10,22,24,1,27,0,5,0,9,10,6,27,16,13,35,2,20,39,6,0,0,8,6,21,2,0,18,37,23,2,14,30,1,18,1,0,5,24,1,0,16,6,4,6,2,22,20,3,3,27,4,11,17,2,0,3,6
15:56:08,5,20,28,4,14,7,4,6,7,14,10,16,25,17,0,23,3,7,19,19,0,24,8,1,0,23,10,12,16,7,0,11,0,2,16,0,19,12,22,24,33,3,13,14,12,23,25,1,26,0,5,0,10,10,6,26,16,23,34,1,21,39,6,1,1,7,6,19,0,0,17,37,23,2,13,28,0,16,1,1,5,24,1,0,16,6,6,6,2,22,20,2,3,29,4,10,16,2,0,4,7
15:58:09,5,20,25,4,15,7,4,5,7,16,10,16,24,15,1,21,4,8,20,19,0,20,6,1,0,23,10,10,16,8,0,12,0,3,16,0,20,12,22,26,32,2,13,16,12,25,26,1,27,1,7,0,14,10,6,25,16,26,34,0,20,40,6,1,4,7,6,19,0,0,16,37,23,0,13,28,0,18,1,2,5,26,1,0,17,6,6,7,2,21,19,2,3,30,5,8,15,1,0,4,7
16:00:09,5,20,25,4,15,7,4,5,7,16,10,16,24,15,1,21,4,8,20,19,0,20,6,1,0,23,10,10,16,8,0,12,0,3,16,0,20,12,22,26,32,2,13,16,12,25,26,1,27,1,7,0,14,10,6,25,16,26,34,0,20,40,6,1,4,7,6,19,0,0,16,37,23,0,13,28,0,18,1,2,5,26,1,0,17,6,6,7,2,21,19,2,3,30,5,8,15,1,0,4,7
16:02:08,6,20,23,4,16,7,4,5,7,16,10,16,25,15,1,20,4,9,20,20,0,18,6,0,1,22,10,10,13,7,1,12,0,4,16,1,20,14,22,25,29,2,13,16,15,23,28,1,28,3,7,0,15,9,5,25,17,25,32,0,18,40,5,1,3,7,5,20,0,0,16,36,23,0,12,26,0,20,0,2,5,26,1,0,17,6,7,7,2,20,19,2,3,30,5,8,15,0,0,4,7
16:04:08,6,21,23,4,16,8,4,5,7,17,10,16,25,16,1,18,3,9,22,19,0,16,7,0,1,21,11,10,11,6,1,12,0,3,16,1,20,14,22,25,27,2,13,18,17,24,29,1,27,3,7,1,17,9,5,25,18,23,31,1,17,39,5,0,0,7,4,22,0,1,16,36,23,0,20,25,9,17,0,0,5,24,1,2,18,7,9,7,2,20,19,2,3,33,5,9,14,0,1,3,7
16:06:09,6,21,23,4,16,8,4,5,7,17,10,16,25,16,1,18,3,9,22,19,0,16,7,0,1,21,11,10,11,6,1,12,0,3,16,1,20,14,22,25,27,2,13,18,17,24,29,1,27,3,7,1,17,9,5,25,18,23,31,1,17,39,5,0,0,7,4,22,0,1,16,36,23,0,20,25,9,17,0,0,5,24,1,2,18,7,9,7,2,20,19,2,3,33,5,9,14,0,1,3,7
16:08:09,7,21,23,4,16,8,3,5,7,19,9,16,25,14,1,18,3,10,28,19,0,16,5,0,1,20,13,9,7,7,1,12,0,3,14,1,20,14,21,22,25,0,13,20,17,25,30,0,25,0,6,1,21,8,5,24,19,17,31,0,12,40,3,0,1,6,0,22,1,2,15,36,23,0,20,24,9,17,0,0,6,21,1,2,20,8,11,7,2,16,18,1,3,33,5,6,14,0,0,2,6
16:10:09,7,21,23,4,16,8,3,5,7,19,9,16,25,14,1,18,3,10,28,19,0,16,5,0,1,20,13,9,7,7,1,12,0,3,14,1,20,14,21,22,25,0,13,20,17,25,30,0,25,0,6,1,21,8,5,24,19,17,31,0,12,40,3,0,1,6,0,22,1,2,15,36,23,0,20,24,9,17,0,0,6,21,1,2,20,8,11,7,2,16,18,1,3,33,5,6,14,0,0,2,6
16:12:08,7,21,23,4,17,8,3,5,7,21,9,16,25,15,2,17,4,11,30,20,0,15,5,0,1,18,10,9,2,8,1,13,0,4,14,1,19,14,20,20,22,3,12,22,16,18,30,2,24,0,3,0,21,10,3,22,20,11,28,0,7,39,3,0,0,6,0,23,1,2,15,36,23,0,20,23,0,14,0,0,6,20,1,3,20,9,9,7,2,13,18,1,2,34,5,6,14,0,0,0,6
16:14:09,7,21,23,4,17,8,3,4,8,24,9,14,25,15,2,17,5,11,29,19,0,14,4,0,0,18,12,8,0,9,0,13,0,4,14,1,19,13,20,18,20,3,10,19,16,16,29,2,25,1,6,0,24,10,4,22,20,11,26,0,6,40,2,0,0,6,0,23,1,2,15,36,22,2,20,25,0,12,0,0,6,19,1,3,20,9,9,7,2,13,18,0,2,35,5,2,14,0,0,1,6
16:16:09,7,21,23,4,17,8,3,4,8,24,9,14,25,15,2,17,5,11,29,19,0,14,4,0,0,18,12,8,0,9,0,13,0,4,14,1,19,13,20,18,20,3,10,19,16,16,29,2,25,1,6,0,24,10,4,22,20,11,26,0,6,40,2,0,0,6,0,23,1,2,15,36,22,2,20,25,0,12,0,0,6,19,1,3,20,9,9,7,2,13,18,0,2,35,5,2,14,0,0,1,6
16:18:08,7,22,21,4,17,8,2,4,9,22,13,14,25,16,2,17,5,13,30,19,1,14,4,0,1,17,12,10,0,7,0,13,0,3,13,4,20,13,20,16,18,3,8,21,18,18,29,2,24,0,9,1,29,12,2,20,21,9,24,0,5,40,0,0,2,4,0,20,1,2,17,39,22,2,16,23,1,10,0,1,7,20,1,3,20,11,9,7,2,12,17,2,2,37,5,2,14,0,0,1,4
16:20:09,7,22,20,5,18,9,2,4,9,17,17,14,20,19,3,17,4,13,30,19,1,13,4,0,3,16,11,11,0,7,0,13,0,0,13,5,20,13,20,15,17,2,8,22,19,18,28,2,27,1,9,2,30,12,2,19,21,7,22,0,3,39,0,0,2,3,0,21,2,2,18,40,22,2,16,22,0,8,0,1,7,21,1,3,20,11,9,8,3,16,17,5,2,39,5,5,12,0,0,1,3
16:22:09,7,22,20,5,18,9,2,4,9,17,17,14,20,19,3,17,4,13,30,19,1,13,4,0,3,16,11,11,0,7,0,13,0,0,13,5,20,13,20,15,17,2,8,22,19,18,28,2,27,1,9,2,30,12,2,19,21,7,22,0,3,39,0,0,2,3,0,21,2,2,18,40,22,2,16,22,0,8,0,1,7,21,1,3,20,11,9,8,3,16,17,5,2,39,5,5,12,0,0,1,3
16:24:08,8,18,18,5,18,9,1,4,9,17,20,14,22,19,2,16,3,15,30,19,1,11,2,0,3,16,11,15,0,6,0,13,0,0,12,6,19,14,20,14,13,1,7,23,21,20,29,2,28,0,11,4,37,12,2,18,20,5,22,0,2,37,1,0,3,0,0,21,2,1,18,40,23,2,17,23,0,9,0,0,9,19,1,3,19,12,10,8,3,17,14,5,1,40,4,5,12,0,0,0,3
16:26:08,6,18,17,5,18,10,0,4,9,18,21,13,25,17,2,16,3,18,28,17,2,9,2,1,3,15,10,15,0,5,0,13,0,0,11,6,19,15,19,14,8,3,7,24,18,18,28,2,26,0,13,5,39,13,2,18,23,4,20,0,1,32,1,1,5,2,0,21,2,0,19,40,23,1,17,24,0,9,1,0,7,18,1,2,16,12,8,9,3,23,14,3,1,40,4,5,12,1,1,0,0
16:28:09,6,18,17,5,18,10,0,4,9,18,21,13,25,17,2,16,3,18,28,17,2,9,2,1,3,15,10,15,0,5,0,13,0,0,11,6,19,15,19,14,8,3,7,24,18,18,28,2,26,0,13,5,39,13,2,18,23,4,20,0,1,32,1,1,5,2,0,21,2,0,19,40,23,1,17,24,0,9,1,0,7,18,1,2,16,12,8,9,3,23,14,3,1,40,4,5,12,1,1,0,0
16:30:09,6,18,17,6,18,11,1,4,9,19,28,13,25,16,2,15,3,18,26,17,2,7,2,1,2,13,11,14,0,5,0,10,0,0,9,6,19,15,19,16,9,3,4,25,20,21,29,0,28,0,13,5,40,13,2,16,24,0,18,0,0,35,1,0,6,2,0,19,3,1,19,37,23,0,17,26,2,9,1,0,8,19,1,2,14,12,8,10,10,26,14,2,1,40,4,4,12,2,2,2,0
16:32:08,7,18,15,8,20,10,2,4,9,15,32,11,25,10,0,15,4,20,29,17,2,6,1,4,4,10,12,12,0,5,0,12,0,0,9,7,19,14,19,16,7,5,4,25,20,23,30,2,29,0,13,6,40,14,5,16,24,0,16,0,1,36,0,0,6,2,0,19,2,2,19,33,23,0,17,28,0,11,1,0,10,20,1,2,13,12,8,11,12,26,14,0,1,40,4,4,10,2,3,2,0
16:34:09,7,18,15,8,20,10,2,4,9,15,32,11,25,10,0,15,4,20,29,17,2,6,1,4,4,10,12,12,0,5,0,12,0,0,9,7,19,14,19,16,7,5,4,25,20,23,30,2,29,0,13,6,40,14,5,16,24,0,16,0,1,36,0,0,6,2,0,19,2,2,19,33,23,0,17,28,0,11,1,0,10,20,1,2,13,12,8,11,12,26,14,0,1,40,4,4,10,2,3,2,0
16:36:09,7,18,15,8,20,10,2,4,9,15,32,11,25,10,0,15,4,20,29,17,2,6,1,4,4,10,12,12,0,5,0,12,0,0,9,7,19,14,19,16,7,5,4,25,20,23,30,2,29,0,13,6,40,14,5,16,24,0,16,0,1,36,0,0,6,2,0,19,2,2,19,33,23,0,17,28,0,11,1,0,10,20,1,2,13,12,8,11,12,26,14,0,1,40,4,4,10,2,3,2,0
16:38:09,3,17,11,9,24,9,2,0,9,6,35,11,24,10,1,12,6,23,24,14,1,3,0,8,5,8,15,10,0,1,0,14,6,0,7,10,16,12,13,15,0,7,0,23,20,18,30,3,29,0,13,7,40,14,6,13,25,1,14,0,0,33,0,0,2,18,3,20,1,5,20,28,22,1,16,26,0,8,0,1,10,16,2,0,16,10,8,9,15,19,16,1,1,40,5,2,9,2,0,2,1
16:40:08,3,17,11,9,24,9,2,0,9,6,35,11,24,10,1,12,6,23,24,14,1,3,0,8,5,8,15,10,0,1,0,14,6,0,7,10,16,12,13,15,0,7,0,23,20,18,30,3,29,0,13,7,40,14,6,13,25,1,14,0,0,33,0,0,2,18,3,20,1,5,20,28,22,1,16,26,0,8,0,1,10,16,2,0,16,10,8,9,15,19,16,1,1,40,5,2,9,2,0,2,1
16:42:09,3,17,11,9,24,9,2,0,10,8,35,11,25,11,1,12,6,24,21,14,0,3,0,9,7,5,12,10,1,0,0,14,7,1,3,10,16,12,9,16,0,7,0,19,20,17,30,4,29,0,14,7,40,14,6,10,26,2,13,0,1,33,1,1,2,18,3,22,1,5,20,25,21,1,17,24,0,5,0,1,12,15,2,0,16,10,8,9,15,16,15,4,1,40,5,5,7,2,0,2,1
16:44:09,0,17,7,9,26,10,2,1,10,10,36,10,25,11,0,10,4,26,15,14,0,7,2,8,8,4,14,8,4,2,1,14,2,0,0,9,16,12,4,19,0,6,0,12,23,14,30,4,30,0,15,8,40,14,7,6,26,2,9,1,2,32,2,3,1,15,0,22,1,6,23,20,20,2,17,25,1,0,0,0,12,11,2,1,15,10,7,9,15,13,11,4,1,40,5,2,2,2,0,2,1
16:46:09,0,17,7,9,26,10,2,1,10,10,36,10,25,11,0,10,4,26,15,14,0,7,2,8,8,4,14,8,4,2,1,14,2,0,0,9,16,12,4,19,0,6,0,12,23,14,30,4,30,0,15,8,40,14,7,6,26,2,9,1,2,32,2,3,1,15,0,22,1,6,23,20,20,2,17,25,1,0,0,0,12,11,2,1,15,10,7,9,15,13,11,4,1,40,5,2,2,2,0,2,1
16:48:08,2,17,6,9,26,12,2,1,9,12,36,10,25,13,0,7,5,26,13,15,0,11,2,8,8,0,17,7,7,3,1,14,0,0,0,9,17,13,4,18,0,7,0,10,24,15,30,4,29,1,14,10,40,12,7,1,30,0,10,1,5,30,2,3,0,15,2,20,1,6,23,16,21,2,14,27,0,3,0,1,10,11,2,0,15,11,7,8,16,9,11,8,1,40,6,0,3,2,0,2,0
16:50:09,6,17,6,9,27,12,4,2,10,14,38,9,25,14,1,5,7,26,13,18,0,11,2,8,8,0,19,7,8,4,0,14,0,0,1,5,17,13,5,18,0,10,1,11,27,16,30,6,29,0,14,12,40,12,8,0,29,0,5,1,2,34,0,4,2,15,2,19,1,8,24,16,22,4,13,25,0,1,0,0,11,12,2,0,16,11,6,8,18,8,11,8,1,40,6,0,4,2,0,0,1
16:52:09,6,17,6,9,27,12,4,2,10,14,38,9,25,14,1,5,7,26,13,18,0,11,2,8,8,0,19,7,8,4,0,14,0,0,1,5,17,13,5,18,0,10,1,11,27,16,30,6,29,0,14,12,40,12,8,0,29,0,5,1,2,34,0,4,2,15,2,19,1,8,24,16,22,4,13,25,0,1,0,0,11,12,2,0,16,11,6,8,18,8,11,8,1,40,6,0,4,2,0,0,1
16:54:08,6,14,5,8,29,12,4,2,11,17,38,8,23,11,1,5,5,27,12,18,0,10,0,8,8,0,21,8,7,5,1,14,0,1,6,4,20,13,6,19,0,9,0,12,29,17,29,6,30,0,15,12,40,14,9,2,29,1,3,2,1,30,0,6,0,15,2,19,3,8,25,15,23,4,13,26,0,1,0,0,11,10,2,0,15,11,7,10,20,6,9,7,1,40,7,1,4,0,2,2,2
16:56:09,6,14,5,8,29,12,4,2,11,17,38,8,23,11,1,5,5,27,12,18,0,10,0,8,8,0,21,8,7,5,1,14,0,1,6,4,20,13,6,19,0,9,0,12,29,17,29,6,30,0,15,12,40,14,9,2,29,1,3,2,1,30,0,6,0,15,2,19,3,8,25,15,23,4,13,26,0,1,0,0,11,10,2,0,15,11,7,10,20,6,9,7,1,40,7,1,4,0,2,2,2
16:58:09,7,14,5,7,30,13,4,2,11,20,38,9,21,12,1,5,5,25,11,17,0,9,0,10,8,2,19,8,5,5,1,14,0,0,15,6,19,13,6,19,0,12,0,11,28,19,30,5,30,2,18,15,40,15,9,2,29,0,2,0,0,29,0,4,0,15,2,19,3,8,26,15,22,4,17,25,7,1,0,0,11,10,2,0,16,11,7,10,21,6,9,7,1,40,7,2,4,0,2,1,4
17:00:09,7,15,4,7,32,16,4,3,12,18,38,9,22,13,3,4,6,25,10,16,0,11,1,10,10,1,21,8,5,7,2,14,0,0,17,7,19,13,6,22,0,12,0,13,28,21,30,5,30,0,18,17,40,15,9,2,28,1,3,0,0,27,0,5,0,16,0,20,5,8,26,15,22,4,17,27,5,1,0,1,13,9,2,0,17,11,6,11,21,5,10,4,1,40,7,6,4,0,0,1,6
17:02:09,6,15,4,11,34,17,4,0,12,17,38,8,25,13,3,3,6,28,11,17,0,11,2,10,10,1,20,9,5,7,2,13,0,1,16,7,19,12,3,21,0,11,0,15,26,21,29,4,29,3,19,17,40,15,8,2,25,3,10,1,5,23,0,6,0,17,1,20,5,8,28,14,22,4,17,28,8,0,0,1,17,8,2,0,17,13,6,14,21,3,8,5,1,40,8,4,4,0,0,0,4
17:04:09,6,15,4,11,34,17,4,0,12,17,38,8,25,13,3,3,6,28,11,17,0,11,2,10,10,1,20,9,5,7,2,13,0,1,16,7,19,12,3,21,0,11,0,15,26,21,29,4,29,3,19,17,40,15,8,2,25,3,10,1,5,23,0,6,0,17,1,20,5,8,28,14,22,4,17,28,8,0,0,1,17,8,2,0,17,13,6,14,21,3,8,5,1,40,8,4,4,0,0,0,4
17:06:09,6,13,2,12,34,17,6,2,12,11,38,8,25,13,2,0,6,28,11,18,0,11,2,11,10,0,24,9,5,7,1,13,1,0,15,8,16,12,0,20,0,11,1,15,25,23,27,4,29,3,20,17,40,15,6,2,24,2,12,3,4,22,0,6,0,17,1,21,5,8,28,14,22,4,18,28,6,1,0,2,17,9,2,2,17,12,7,14,23,0,8,5,1,40,8,5,3,0,0,0,3
17:08:08,5,11,2,14,34,18,6,3,13,13,37,8,25,15,4,1,7,28,7,19,0,9,2,11,12,0,23,9,3,7,1,13,1,0,13,11,16,11,0,23,0,12,1,19,27,25,30,2,29,2,20,16,40,16,6,2,21,2,11,3,4,22,0,4,2,17,1,22,5,7,28,12,21,6,17,29,6,0,0,2,17,10,2,2,17,12,8,16,23,0,8,3,1,40,8,6,3,0,0,0,0
17:10:08,5,11,2,14,34,18,6,3,13,13,37,8,25,15,4,1,7,28,7,19,0,9,2,11,12,0,23,9,3,7,1,13,1,0,13,11,16,11,0,23,0,12,1,19,27,25,30,2,29,2,20,16,40,16,6,2,21,2,11,3,4,22,0,4,2,17,1,22,5,7,28,12,21,6,17,29,6,0,0,2,17,10,2,2,17,12,8,16,23,0,8,3,1,40,8,6,3,0,0,0,0
17:12:08,5,8,2,14,35,18,6,3,13,4,36,8,25,16,4,1,6,30,4,19,0,9,3,10,9,1,23,10,4,8,1,13,3,1,12,12,16,9,0,23,0,13,1,20,28,23,30,0,30,1,16,14,40,19,4,1,22,4,5,4,3,21,0,2,0,17,1,20,4,6,28,11,23,5,17,31,5,1,0,4,18,10,2,2,17,12,8,16,28,0,8,4,2,40,8,6,2,0,0,1,1
17:14:09,5,5,2,14,37,19,6,3,13,3,35,7,25,16,4,1,4,29,4,18,0,6,4,10,9,1,22,10,6,8,2,13,3,1,11,11,17,9,0,24,0,11,0,20,27,21,30,0,30,2,15,12,40,18,5,1,22,0,2,4,1,22,0,1,0,15,0,18,4,16,28,11,23,5,18,32,0,0,0,5,20,10,2,3,17,13,10,16,28,0,8,4,2,40,8,8,2,0,1,0,2
17:16:09,5,5,2,14,37,19,6,3,13,3,35,7,25,16,4,1,4,29,4,18,0,6,4,10,9,1,22,10,6,8,2,13,3,1,11,11,17,9,0,24,0,11,0,20,27,21,30,0,30,2,15,12,40,18,5,1,22,0,2,4,1,22,0,1,0,15,0,18,4,16,28,11,23,5,18,32,0,0,0,5,20,10,2,3,17,13,10,16,28,0,8,4,2,40,8,8,2,0,1,0,2
17:18:08,5,5,0,15,37,19,7,4,13,7,35,7,24,19,4,0,4,21,2,19,0,4,2,10,9,1,17,9,6,5,2,12,2,2,11,10,18,9,1,23,0,13,0,24,27,23,30,1,29,2,18,9,40,18,3,1,21,0,1,2,1,22,0,2,0,15,0,18,4,18,28,10,23,5,15,29,1,0,1,6,20,9,2,4,17,14,11,16,29,0,8,3,2,39,8,7,1,1,0,0,3
17:20:09,5,5,0,15,37,19,7,4,13,7,35,7,24,19,4,0,4,21,2,19,0,4,2,10,9,1,17,9,6,5,3,12,2,2,11,10,18,9,1,23,0,13,0,27,27,23,30,1,29,2,18,9,40,18,3,1,21,0,0,2,1,22,0,2,0,15,0,18,4,18,28,10,23,5,17,29,1,0,1,6,20,9,2,4,17,15,11,16,29,0,8,3,2,39,8,7,1,1,0,0,2
17:22:09,5,5,0,16,37,19,9,4,13,9,36,7,25,21,4,0,5,22,4,19,0,3,0,10,11,1,20,8,3,4,3,13,0,2,9,11,14,8,1,23,0,16,0,27,27,23,30,2,29,5,15,9,40,18,5,1,21,2,0,2,0,21,0,3,0,15,0,17,5,22,28,10,23,5,17,27,0,0,0,5,19,8,2,3,15,15,11,16,33,1,10,2,2,38,8,6,1,0,1,0,2
17:24:09,2,4,0,15,36,19,10,4,13,12,37,7,25,25,4,0,4,21,2,19,0,3,0,11,12,0,19,10,4,4,3,13,0,2,9,12,15,11,1,24,0,18,0,30,24,23,30,4,29,5,9,9,40,18,6,1,23,0,0,2,0,20,0,3,1,15,0,17,4,24,28,7,23,5,17,26,1,0,0,5,20,8,2,3,13,17,9,17,35,1,8,2,2,38,9,6,1,0,0,1,2
17:26:09,2,4,0,15,36,19,10,4,13,12,37,7,25,25,4,0,4,21,2,19,0,3,0,11,12,0,19,10,4,4,3,13,0,2,9,12,15,11,1,24,0,18,0,30,24,23,30,4,29,5,9,9,40,18,6,1,23,0,0,2,0,20,0,3,1,15,0,17,4,24,28,7,23,5,17,26,1,0,0,5,20,8,2,3,13,17,9,17,35,1,8,2,2,38,9,6,1,0,0,1,2
17:28:09,0,4,0,16,38,19,12,3,13,8,38,7,25,26,3,0,3,21,5,18,0,2,1,11,13,0,19,9,4,3,2,13,0,0,8,14,15,12,1,24,0,16,0,30,23,23,29,5,30,4,5,9,40,18,6,1,24,0,1,3,0,22,1,3,1,14,0,18,6,24,28,6,23,5,17,28,1,0,1,5,20,8,2,3,12,19,9,18,37,1,8,7,2,40,10,7,0,0,0,1,2
17:30:08,0,3,0,16,39,21,12,3,13,8,38,7,25,26,3,1,3,21,4,17,0,2,4,11,14,1,22,9,5,3,0,13,0,0,7,14,15,12,0,25,0,13,0,30,23,24,29,5,29,5,0,10,40,20,6,1,24,0,2,3,0,21,1,2,3,13,0,18,9,24,29,6,23,5,16,29,0,2,2,5,20,6,2,3,11,20,9,20,38,2,7,8,2,40,10,7,1,0,0,1,0
17:32:09,0,3,0,16,39,21,12,3,13,8,38,7,25,26,3,1,3,21,4,17,0,2,4,11,14,1,22,9,5,3,0,13,0,0,7,14,15,12,0,25,0,13,0,30,23,24,29,5,29,5,0,10,40,20,6,1,24,0,2,3,0,21,1,2,3,13,0,18,9,24,29,6,23,5,16,29,0,2,2,5,20,6,2,3,11,20,9,20,38,2,7,8,2,40,10,7,1,0,0,1,0
17:34:09,0,3,0,16,39,23,12,3,13,14,38,7,25,28,3,1,3,21,3,17,2,1,5,10,14,1,23,9,4,6,0,13,0,0,6,15,15,11,0,27,1,11,0,30,23,27,28,4,30,7,3,9,40,21,6,1,22,2,1,4,1,20,1,2,4,16,0,17,9,24,29,6,23,4,16,27,0,0,3,5,22,6,2,4,12,25,9,20,40,1,5,9,2,40,10,9,1,1,0,0,2
17:36:08,0,3,1,16,39,23,12,3,14,19,38,7,16,28,3,1,3,16,4,13,2,3,5,10,14,0,21,6,4,7,0,13,0,1,6,14,15,11,0,28,1,14,0,30,23,27,28,4,29,9,3,7,40,22,5,2,20,2,0,5,11,19,2,0,4,17,1,17,9,24,30,6,23,4,15,25,0,0,3,5,24,6,2,3,12,26,9,21,40,0,5,9,1,40,10,7,0,1,0,0,0
17:38:09,0,3,1,16,39,23,12,3,14,19,38,7,16,28,3,1,3,16,4,13,2,3,5,10,14,0,21,6,4,7,0,13,0,1,6,14,15,11,0,28,1,14,0,30,23,27,28,4,29,9,3,7,40,22,5,2,20,2,0,5,11,19,2,0,4,17,1,17,9,24,30,6,23,4,15,25,0,0,3,5,24,6,2,3,12,26,9,21,40,0,5,9,1,40,10,7,0,1,0,0,0
17:40:09,0,3,2,16,39,23,13,3,14,18,38,7,17,28,3,1,3,17,6,12,2,2,4,10,14,1,19,6,5,7,0,13,0,2,5,14,15,10,0,28,0,15,0,30,25,27,28,3,29,10,3,6,40,24,6,2,18,2,6,5,17,19,2,1,3,19,1,17,9,23,31,4,23,4,15,23,1,0,3,5,24,8,2,3,15,26,9,22,40,1,5,8,1,40,10,8,1,0,1,0,2
17:42:08,1,3,2,16,40,23,13,3,14,19,38,7,16,29,3,1,1,17,6,13,2,0,4,13,16,0,21,5,3,9,0,13,0,2,4,14,15,10,0,27,0,15,1,30,26,26,28,3,29,10,3,6,40,24,5,1,18,0,15,7,15,16,2,3,3,19,1,16,9,23,31,3,23,4,14,23,0,0,4,5,23,10,2,4,15,26,10,22,40,0,3,8,1,40,11,10,1,0,0,1,0
17:44:09,1,3,2,16,40,23,13,3,14,19,38,7,16,29,3,1,1,17,6,13,2,0,4,13,16,0,21,5,3,9,0,13,0,2,4,14,15,10,0,27,0,15,1,30,26,26,28,3,29,10,3,6,40,24,5,1,18,0,15,7,15,16,2,3,3,19,1,16,9,23,31,3,23,4,14,23,0,0,4,5,23,10,2,4,15,26,10,22,40,0,3,8,1,40,11,10,1,0,0,1,0
17:46:09,0,2,2,16,39,23,15,4,14,18,37,8,18,28,3,1,1,17,2,10,2,0,4,14,20,0,22,4,2,9,0,14,0,2,5,14,16,10,0,27,0,15,0,30,25,25,28,3,26,10,4,7,40,23,5,1,19,0,15,8,14,17,2,5,1,19,0,16,9,23,31,2,23,3,13,21,0,0,4,6,23,11,3,4,15,27,10,24,40,0,3,8,1,40,11,10,2,0,2,1,1
17:48:08,2,0,2,16,39,24,16,4,13,19,36,9,20,29,3,1,1,17,4,10,2,0,4,14,21,0,24,4,2,9,0,14,0,2,5,14,16,10,0,27,0,13,0,28,23,23,30,3,27,11,3,5,40,23,5,1,19,1,13,7,14,18,2,5,0,19,0,17,9,23,31,2,23,3,14,23,1,3,4,7,23,10,3,4,17,27,11,24,40,1,3,10,1,40,11,11,3,1,2,1,0
17:50:08,2,0,2,16,39,24,16,4,13,19,36,9,20,29,3,1,1,17,4,10,2,0,4,14,21,0,24,4,2,9,0,14,0,2,5,14,16,10,0,27,0,13,0,28,23,23,30,3,27,11,3,5,40,23,5,1,19,1,13,7,14,18,2,5,0,19,0,17,9,23,31,2,23,3,14,23,1,3,4,7,23,10,3,4,17,27,11,24,40,1,3,10,1,40,11,11,3,1,2,1,0
17:52:09,2,0,2,16,39,24,16,4,13,19,36,10,20,27,3,1,5,17,5,8,2,0,3,14,21,1,23,4,2,7,0,14,1,2,4,14,16,10,0,26,0,12,0,29,21,23,30,3,27,13,1,5,40,22,5,2,16,14,14,7,15,18,0,6,0,19,0,17,10,23,30,2,22,3,14,22,0,3,4,7,23,10,3,4,17,27,11,25,40,0,3,13,1,40,11,11,3,2,3,1,0
17:54:09,2,0,2,17,40,24,16,4,13,19,38,9,20,30,3,1,6,17,5,7,2,0,0,16,20,2,23,7,1,8,0,14,1,2,0,15,16,9,0,29,0,13,0,23,22,22,30,4,27,11,0,7,40,21,7,2,16,17,12,7,15,16,0,8,0,19,0,18,12,23,28,2,21,3,14,20,1,0,4,7,25,10,3,4,17,27,11,27,40,0,0,16,5,40,11,11,3,2,3,2,0
17:56:08,2,0,2,17,40,24,16,4,13,19,38,9,20,30,3,1,6,17,5,7,2,0,0,16,20,2,23,7,1,8,0,14,1,2,0,15,16,9,0,29,0,13,0,23,22,22,30,4,27,11,0,7,40,21,7,2,16,17,12,7,15,16,0,8,0,19,0,18,12,23,28,2,21,3,14,20,1,0,4,7,25,10,3,4,17,27,11,27,40,0,0,16,5,40,11,11,3,2,3,2,0
17:58:09,2,0,2,17,40,24,16,4,13,20,38,9,22,29,3,1,6,21,4,7,0,0,1,17,20,2,20,8,3,8,0,15,1,2,0,14,18,9,0,28,0,14,0,20,24,23,30,4,26,7,0,7,40,17,8,2,14,18,9,6,14,16,0,9,2,18,0,17,13,24,27,2,20,3,14,16,0,0,5,7,26,10,3,6,16,27,11,27,40,1,0,16,13,40,12,9,2,2,0,2,0
18:00:09,2,0,2,19,40,24,15,4,12,21,38,9,23,25,2,2,6,20,3,5,0,0,1,17,20,2,19,8,4,9,0,15,1,0,0,14,17,9,0,29,1,13,0,18,23,24,29,6,25,7,0,6,40,17,6,2,16,18,7,6,16,15,0,9,4,17,0,15,13,24,27,0,20,2,14,15,0,3,5,7,26,10,3,7,16,27,11,28,40,1,0,19,19,40,12,8,2,2,0,2,0
18:02:08,2,0,2,19,40,24,15,4,12,21,38,9,23,25,2,2,6,20,3,5,0,0,1,17,20,2,19,8,4,9,0,15,1,0,0,14,17,9,0,29,1,13,0,18,23,24,29,6,25,7,0,6,40,17,6,2,16,18,7,6,16,15,0,9,4,17,0,15,13,24,27,0,20,2,14,15,0,3,5,7,26,10,3,7,16,27,11,28,40,1,0,19,19,40,12,8,2,2,0,2,0
18:04:09,1,0,2,20,39,24,14,4,12,21,38,10,21,21,3,2,6,18,1,5,0,0,1,17,20,2,21,9,4,9,0,15,1,5,0,15,17,9,0,30,0,12,1,17,25,23,28,6,25,7,1,8,40,18,6,2,16,18,7,6,16,16,1,9,2,17,0,14,13,24,26,1,20,3,15,15,1,6,5,8,26,10,3,7,16,29,10,32,40,1,0,18,19,40,12,9,0,2,0,2,1
18:06:09,1,0,1,21,39,24,14,4,12,20,38,10,19,14,3,2,6,17,1,4,0,0,0,17,21,2,20,9,5,10,0,15,2,5,0,15,18,9,0,30,0,13,0,17,26,24,29,6,24,8,0,9,40,19,6,2,16,15,2,6,13,14,5,11,2,17,0,13,13,25,25,0,20,3,15,15,1,8,6,9,26,11,4,7,15,29,10,33,40,1,0,17,19,40,12,9,0,2,0,3,3
18:08:08,1,0,1,21,39,24,14,4,12,20,38,10,19,14,3,2,6,17,1,4,0,0,0,17,21,2,20,9,5,10,0,15,2,5,0,15,18,9,0,30,0,13,0,17,26,24,29,6,24,8,0,9,40,19,6,2,16,15,2,6,13,14,5,11,2,17,0,13,13,25,25,0,20,3,15,15,1,8,6,9,26,11,4,7,15,29,10,33,40,1,0,17,19,40,12,9,0,2,0,3,3
18:10:09,1,0,1,21,39,24,14,4,12,13,38,10,19,16,3,2,5,17,0,3,0,0,0,17,22,2,19,9,6,10,0,15,2,5,0,15,18,9,0,30,0,12,0,19,25,23,30,6,23,8,0,9,40,21,6,2,16,15,6,6,12,13,5,10,0,17,0,13,14,25,25,0,21,3,15,14,0,7,6,9,27,10,4,7,15,31,10,33,40,1,0,16,19,40,12,11,0,3,0,3,7
18:12:09,2,0,1,21,39,23,14,4,12,8,37,10,19,14,3,3,1,17,0,3,0,0,0,17,21,2,21,9,7,9,0,15,2,5,0,15,17,9,0,30,0,13,0,22,23,25,30,6,23,8,0,10,40,22,6,1,16,14,16,7,12,12,4,10,0,17,1,13,14,25,25,0,18,3,14,15,0,9,6,10,28,8,4,7,15,31,10,35,40,0,0,15,19,40,12,13,0,3,0,3,8
18:14:08,2,0,1,21,39,23,14,4,12,8,37,10,19,14,3,3,1,17,0,3,0,0,0,17,21,2,21,9,7,9,0,15,2,5,0,15,17,9,0,30,0,13,0,22,23,25,30,6,23,8,0,10,40,22,6,1,16,14,16,7,12,12,4,10,0,17,1,13,14,25,25,0,18,3,14,15,0,9,6,10,28,8,4,7,15,31,10,35,40,0,0,15,19,40,12,13,0,3,0,3,8
18:16:09,3,0,1,21,39,22,15,4,12,10,37,10,20,16,3,4,4,19,0,2,1,0,2,17,21,0,23,9,7,11,0,15,1,3,0,15,17,9,0,30,0,13,0,22,23,23,30,8,21,11,1,11,40,22,6,1,14,11,16,6,11,12,5,10,0,17,0,15,14,26,24,0,19,3,14,12,2,3,6,11,27,7,4,7,15,31,8,35,40,0,0,15,19,40,12,14,0,5,0,3,5
18:18:09,3,0,1,21,39,22,15,4,12,10,37,10,20,16,3,4,4,19,0,2,1,0,2,17,21,0,23,9,7,11,0,15,1,3,0,15,17,9,0,30,0,13,0,22,23,23,30,8,21,11,1,11,40,22,6,1,14,11,16,6,11,12,5,10,0,17,0,15,14,26,24,0,19,3,14,12,2,3,6,11,27,7,4,7,15,31,8,35,40,0,0,15,19,40,12,14,0,5,0,3,5
18:20:08,3,0,11,21,38,21,16,3,12,13,37,10,18,8,3,3,3,20,1,3,1,0,3,17,24,0,23,9,6,11,1,15,1,4,0,15,15,9,0,30,0,12,1,22,24,23,30,8,21,9,3,12,40,23,8,1,14,8,16,6,10,12,3,10,1,16,0,15,14,27,24,0,20,3,14,14,2,3,6,11,28,7,4,6,15,31,6,35,40,1,0,15,19,40,13,15,0,5,0,3,1
18:22:09,3,0,11,21,38,21,16,3,12,14,37,10,18,7,3,3,3,20,2,3,1,0,3,17,23,1,23,9,6,11,1,16,1,4,1,16,15,9,0,30,0,13,1,22,24,23,30,8,21,10,4,13,40,23,7,1,14,7,16,5,9,10,2,9,1,15,0,15,15,27,23,0,20,3,14,14,2,3,6,13,28,7,4,6,15,31,6,35,40,1,0,13,19,40,13,15,0,5,0,3,1
18:24:09,3,0,11,21,36,22,16,3,11,16,36,10,2,10,3,3,3,18,2,2,2,0,2,17,25,0,24,8,6,9,1,17,1,4,6,17,16,9,0,30,0,13,0,23,23,22,30,8,19,9,4,13,40,24,7,1,14,6,15,5,11,8,1,7,2,15,0,17,15,27,22,1,19,3,12,13,2,2,6,13,27,7,4,6,17,31,4,35,40,2,0,13,19,40,14,15,0,5,0,3,0
18:26:08,3,0,11,21,36,22,16,3,11,16,36,10,2,10,3,3,3,18,2,2,2,0,2,17,25,0,24,8,6,9,1,17,1,4,6,17,16,9,0,30,0,13,0,23,23,22,30,8,19,9,4,13,40,24,7,1,14,6,15,5,11,8,1,7,2,15,0,17,15,27,22,1,19,3,12,13,2,2,6,13,27,7,4,6,17,31,4,35,40,2,0,13,19,40,14,15,0,5,0,3,0
18:28:09,3,0,11,22,36,22,17,3,11,17,36,10,2,12,3,3,3,20,2,2,2,0,0,17,26,1,24,8,5,9,2,17,1,6,10,17,17,10,0,30,0,13,0,24,23,25,30,9,19,8,3,11,40,26,6,2,14,6,17,5,9,7,0,6,2,14,0,16,17,28,22,1,21,3,12,12,3,2,6,13,26,7,4,6,17,32,3,37,40,0,0,12,19,40,14,13,0,5,0,3,1
18:30:09,3,0,11,22,36,22,17,3,11,18,36,10,2,18,2,2,3,20,2,2,2,9,1,17,27,1,23,10,6,11,2,17,1,6,10,17,17,12,0,30,0,12,0,24,20,25,30,9,17,8,0,11,40,26,3,2,15,5,20,6,9,7,0,6,0,15,0,18,18,28,22,2,21,3,12,12,2,0,6,13,25,8,4,6,19,33,3,38,40,0,0,13,19,40,14,10,0,5,0,2,3
18:32:09,3,0,11,22,36,22,17,3,11,18,36,10,2,18,2,2,3,20,2,2,2,9,1,17,27,1,23,10,6,11,2,17,1,6,10,17,17,12,0,30,0,12,0,24,20,25,30,9,17,8,0,11,40,26,3,2,15,5,20,6,9,7,0,6,0,15,0,18,18,28,22,2,21,3,12,12,2,0,6,13,25,8,4,6,19,33,3,38,40,0,0,13,19,40,14,10,0,5,0,2,3
18:34:08,2,0,11,22,36,23,17,2,11,19,38,12,3,19,2,2,0,20,4,2,2,19,2,17,30,4,24,9,6,11,2,17,1,6,10,17,17,14,0,30,0,12,1,24,20,27,30,9,18,8,0,13,40,26,2,2,16,0,21,7,8,7,0,6,0,15,0,18,18,29,22,1,20,3,12,12,1,1,5,13,21,8,4,6,19,33,3,39,40,0,0,14,19,40,15,10,0,6,0,2,3
18:36:08,2,0,11,22,36,25,17,0,11,19,38,12,5,21,2,2,0,18,5,2,2,19,3,18,30,3,24,9,6,12,2,17,1,8,9,18,17,12,0,30,0,11,0,25,20,27,30,9,19,10,0,13,40,24,3,2,16,0,21,7,8,7,0,5,0,15,0,18,18,30,22,0,20,2,12,13,3,2,5,13,13,8,3,6,19,33,4,39,40,0,0,14,19,40,15,10,1,7,0,3,2
18:38:09,2,0,11,22,36,25,17,0,11,19,38,12,5,21,2,2,0,18,5,2,2,19,3,18,30,3,24,9,6,12,2,17,1,8,9,18,17,12,0,30,0,11,0,25,20,27,30,9,19,10,0,13,40,24,3,2,16,0,21,7,8,7,0,5,0,15,0,18,18,30,22,0,20,2,12,13,3,2,5,13,13,8,3,6,19,33,4,39,40,0,0,14,19,40,15,10,1,7,0,3,2
18:40:09,2,0,10,22,35,25,17,0,11,22,38,12,6,20,2,2,1,18,5,2,2,17,3,18,30,1,24,11,6,13,2,17,1,8,8,19,16,12,0,29,0,12,0,27,19,27,29,9,19,10,0,13,40,24,4,1,16,0,21,9,8,8,0,5,0,15,0,19,18,30,22,0,20,2,13,13,4,4,5,14,13,8,3,7,20,33,5,40,40,0,0,14,19,40,15,7,1,7,0,3,2
18:42:09,2,0,10,21,35,25,18,0,11,23,38,12,9,21,2,2,0,19,4,2,2,13,3,18,30,1,24,9,5,12,2,17,2,8,7,20,16,12,0,30,0,11,6,28,19,25,27,9,19,9,0,12,40,24,4,1,16,2,20,9,8,8,0,3,0,15,0,19,18,30,22,0,19,2,14,14,4,2,5,14,13,7,3,7,20,33,5,40,40,0,1,15,19,40,15,7,1,7,0,3,0
18:44:08,2,0,10,21,35,25,18,0,11,23,38,12,9,21,2,2,0,19,4,2,2,13,3,18,30,1,24,9,5,12,2,17,2,8,7,20,16,12,0,30,0,11,6,28,19,25,27,9,19,9,0,12,40,24,4,1,16,2,20,9,8,8,0,3,0,15,0,19,18,30,22,0,19,2,14,14,4,2,5,14,13,7,3,7,20,33,5,40,40,0,1,15,19,40,15,7,1,7,0,3,0
18:46:08,0,0,10,21,35,25,17,0,12,24,38,13,10,20,2,2,2,21,4,2,2,14,3,18,30,0,24,9,6,11,2,16,2,8,7,20,16,12,0,30,0,12,10,28,19,25,27,8,17,8,0,11,40,23,3,1,15,3,17,9,8,9,0,0,0,14,0,19,17,30,22,0,20,3,14,15,3,2,4,13,9,7,2,7,20,33,5,40,40,0,2,18,19,40,15,7,1,7,0,3,0
18:48:09,0,0,10,21,37,25,17,0,12,23,38,13,11,24,3,2,2,22,3,2,2,15,2,18,30,0,24,9,6,11,2,16,2,8,5,20,15,12,0,29,0,10,10,28,19,23,27,8,18,8,0,10,40,23,3,1,14,3,17,9,8,7,0,0,1,14,0,19,17,29,22,0,21,3,15,13,3,2,5,13,9,6,2,7,20,35,5,40,40,0,2,17,19,40,15,8,3,7,0,3,0
18:50:09,0,0,10,21,37,25,17,0,12,23,38,13,11,24,3,2,2,22,3,2,2,15,2,18,30,0,24,9,6,11,2,16,2,8,5,20,15,12,0,29,0,10,10,28,19,23,27,8,18,8,0,10,40,23,3,1,14,3,17,9,8,7,0,0,1,14,0,19,17,29,22,0,21,3,15,13,3,2,5,13,9,6,2,7,20,35,5,40,40,0,2,17,19,40,15,8,3,7,0,3,0
18:52:08,0,0,10,21,38,25,17,0,12,24,38,13,11,26,3,2,3,22,3,2,2,15,0,17,30,0,23,9,7,11,2,16,1,8,2,20,15,11,0,29,0,10,10,29,19,20,27,8,16,8,1,10,40,21,3,1,14,3,17,9,7,6,1,0,2,14,0,19,17,29,22,1,23,3,17,12,2,2,5,13,9,6,3,7,21,35,5,40,40,0,2,17,19,39,15,9,4,7,0,3,0
18:54:09,1,0,10,21,38,24,17,0,12,24,38,13,11,27,3,2,5,21,2,3,2,15,1,18,29,0,23,8,8,11,2,16,1,8,2,20,15,11,0,28,0,10,9,29,20,21,26,7,16,7,0,9,40,21,3,1,14,0,18,10,6,6,1,0,2,14,0,19,16,29,23,1,22,3,18,12,9,0,4,12,9,9,3,7,21,37,3,39,40,0,2,18,20,39,16,11,4,8,0,2,1
18:56:09,1,0,10,21,38,24,17,0,12,24,38,13,11,27,3,2,5,21,2,3,2,15,1,18,29,0,23,8,8,11,2,16,1,8,2,20,15,11,0,28,0,10,9,29,20,21,26,7,16,7,0,9,40,21,3,1,14,0,18,10,6,6,1,0,2,14,0,19,16,29,23,1,22,3,18,12,9,0,4,12,9,9,3,7,21,37,3,39,40,0,2,18,20,39,16,11,4,8,0,2,1
18:58:09,1,0,10,22,39,24,17,0,11,24,37,13,11,27,3,2,6,21,2,5,2,13,1,18,30,0,24,9,8,11,2,16,1,8,2,20,19,11,0,29,0,10,9,29,20,22,26,3,14,7,1,8,40,21,3,1,14,0,18,10,4,6,1,0,2,14,1,18,16,29,23,1,22,2,19,14,9,0,5,12,9,9,4,7,21,38,5,39,40,0,2,18,20,27,16,11,4,8,0,2,1
19:00:09,3,0,10,21,39,24,17,0,11,23,37,13,12,27,3,7,5,23,2,5,0,13,1,18,30,1,24,9,11,10,1,15,1,8,0,20,17,11,0,27,0,10,9,30,20,20,27,2,13,5,1,8,40,20,3,1,12,1,17,10,3,9,0,0,2,14,1,18,16,29,23,1,21,2,20,14,7,2,6,12,10,9,4,7,22,38,5,39,40,0,2,17,20,27,16,11,4,8,0,0,4
19:02:09,3,0,10,21,39,24,17,0,11,23,37,13,12,27,3,7,5,23,2,5,0,13,1,18,30,1,24,9,11,10,1,15,1,8,0,20,17,11,0,27,0,10,9,30,20,20,27,2,13,5,1,8,40,20,3,1,12,1,17,10,3,9,0,0,2,14,1,18,16,29,23,1,21,2,20,14,7,2,6,12,10,9,4,7,22,38,5,39,40,0,2,17,20,27,16,11,4,8,0,0,4
19:04:09,3,0,10,21,40,25,17,0,11,24,37,14,12,29,4,16,5,23,2,5,0,13,1,18,30,0,24,9,10,10,1,15,1,9,0,20,17,11,0,26,0,10,9,30,22,22,28,2,14,8,1,7,40,20,2,1,13,3,17,10,3,9,0,0,2,15,1,18,16,29,24,0,22,4,20,15,6,1,6,12,10,9,5,7,22,38,5,39,40,0,2,16,20,21,16,11,3,8,0,0,4
19:06:09,3,0,10,21,40,25,17,0,11,24,37,14,12,29,4,16,5,23,2,5,0,13,1,18,30,0,24,9,10,10,1,15,1,9,0,20,17,11,0,26,0,10,9,30,22,22,28,2,14,8,1,7,40,20,2,1,13,3,17,10,3,9,0,0,2,15,1,18,16,29,24,0,22,4,20,15,6,1,6,12,10,9,5,7,22,38,5,39,40,0,2,16,20,21,16,11,3,8,0,0,4
19:08:08,3,0,10,21,40,25,20,0,11,24,37,14,12,30,4,14,6,23,2,4,0,13,1,18,30,0,20,8,9,10,2,15,1,9,0,20,18,9,0,27,0,11,9,29,23,22,30,2,14,7,1,6,40,20,2,1,13,4,16,10,2,9,0,0,1,15,0,18,16,29,24,0,23,4,20,15,6,2,6,12,10,9,6,8,23,38,5,38,40,0,1,16,20,21,17,11,3,8,0,0,7
19:10:09,3,0,10,21,40,25,20,0,11,25,35,15,15,30,4,14,5,23,0,4,0,13,1,21,30,0,16,8,9,9,2,15,2,9,0,20,18,9,1,28,1,9,9,28,22,21,30,2,14,9,2,6,40,20,0,1,13,4,15,10,2,9,0,0,1,16,0,17,15,29,24,0,21,4,20,16,2,0,7,12,12,9,7,8,24,38,5,39,40,0,1,13,20,21,17,13,3,8,0,0,6
19:12:09,3,0,10,21,40,25,20,0,11,25,35,15,15,30,4,14,5,23,0,4,0,13,1,21,30,0,16,8,9,9,2,15,2,9,0,20,18,9,1,28,1,9,9,28,22,21,30,2,14,9,2,6,40,20,0,1,13,4,15,10,2,9,0,0,1,16,0,17,15,29,24,0,21,4,20,16,2,0,7,12,12,9,7,8,24,38,5,39,40,0,1,13,20,21,17,13,3,8,0,0,6
19:14:08,3,0,9,22,40,25,20,0,11,26,36,15,15,30,5,14,6,25,1,4,0,13,0,22,30,0,16,8,13,9,2,16,2,10,0,20,18,9,1,28,1,9,9,29,22,19,30,2,12,9,4,4,40,23,0,1,13,4,15,10,2,9,0,1,2,16,0,18,16,29,24,0,20,4,20,20,1,2,8,13,12,9,8,8,24,38,5,40,40,1,2,13,20,22,18,14,3,8,1,0,6
19:16:08,3,0,9,22,39,25,20,0,12,29,36,15,16,29,5,14,8,25,1,3,0,13,0,22,30,0,17,8,13,10,2,17,2,11,0,20,17,12,1,28,1,12,9,30,22,19,30,2,10,7,3,4,40,24,0,1,13,4,15,10,2,9,0,0,2,16,0,19,16,29,24,0,20,4,20,19,1,1,8,14,11,10,8,8,25,38,5,40,40,1,2,12,20,22,19,16,3,8,1,0,5
19:18:09,3,0,9,22,39,25,20,0,12,29,36,15,16,29,5,14,8,25,1,3,0,13,0,22,30,0,17,8,13,10,2,17,2,11,0,20,17,12,1,28,1,12,9,30,22,19,30,2,10,7,3,4,40,24,0,1,13,4,15,10,2,9,0,0,2,16,0,19,16,29,24,0,20,4,20,19,1,1,8,14,11,10,8,8,25,38,5,40,40,1,2,12,20,22,19,16,3,8,1,0,5
19:20:09,3,0,9,22,39,25,20,0,12,30,36,15,16,30,5,14,9,26,0,3,0,13,0,22,30,0,16,9,13,10,2,17,2,11,0,20,15,11,1,29,1,12,9,30,21,20,30,2,10,7,2,3,40,24,1,1,13,4,15,10,2,6,0,0,2,16,0,20,16,29,25,0,20,4,20,17,1,2,8,14,12,10,8,8,26,38,4,40,40,1,2,11,20,22,19,16,3,8,0,0,5
19:22:08,3,0,9,22,39,25,20,0,12,31,36,15,16,30,5,14,9,27,1,4,0,13,0,22,29,0,17,9,13,9,2,17,2,11,0,19,16,11,1,29,1,11,9,29,21,17,30,3,10,7,2,3,40,24,1,1,12,6,15,10,0,6,0,0,3,16,0,21,16,29,25,0,21,4,20,16,0,5,9,14,17,12,9,8,26,38,4,40,40,1,2,9,20,22,19,14,3,8,0,0,4
19:24:08,3,0,9,22,39,25,20,0,12,31,36,15,16,30,5,14,9,27,1,4,0,13,0,22,29,0,17,9,13,9,2,17,2,11,0,19,16,11,1,29,1,11,9,29,21,17,30,3,10,7,2,3,40,24,1,1,12,6,15,10,0,6,0,0,3,16,0,21,16,29,25,0,21,4,20,16,0,5,9,14,17,12,9,8,26,38,4,40,40,1,2,9,20,22,19,14,3,8,0,0,4
19:26:09,3,0,8,22,40,26,20,0,12,33,36,15,15,30,5,13,9,28,1,4,0,12,0,22,29,0,19,11,13,8,2,17,2,11,0,19,16,11,1,29,1,10,9,26,22,18,30,3,11,7,2,3,40,25,1,1,12,7,15,10,0,7,0,0,3,16,1,21,16,29,25,1,21,4,22,16,0,6,9,14,18,13,10,9,26,38,4,40,40,1,2,11,20,22,19,12,3,7,0,0,4
19:28:09,3,0,7,22,40,27,20,1,12,33,38,15,15,30,5,13,9,29,2,4,0,12,0,22,29,0,17,11,12,8,3,18,2,11,0,16,18,11,1,28,1,9,7,22,22,20,29,3,10,7,2,3,40,25,0,1,12,7,17,9,0,7,0,0,3,15,1,23,19,29,25,1,19,5,22,16,0,6,9,14,19,14,10,9,26,38,5,40,40,1,0,12,20,22,19,14,3,7,0,0,4
19:30:08,3,0,7,22,40,27,20,1,12,33,38,15,15,30,5,13,9,29,2,4,0,12,0,22,29,0,17,11,12,8,3,18,2,11,0,16,18,11,1,28,1,9,7,22,22,20,29,3,10,7,2,3,40,25,0,1,12,7,17,9,0,7,0,0,3,15,1,23,19,29,25,1,19,5,22,16,0,6,9,14,19,14,10,9,26,38,5,40,40,1,0,12,20,22,19,14,3,7,0,0,4
19:32:08,3,0,7,22,40,27,20,1,12,32,38,15,15,30,5,13,9,28,2,4,0,12,0,22,28,0,17,11,12,8,3,20,2,12,0,18,18,11,1,28,1,10,7,21,22,20,28,2,10,8,2,3,40,26,0,1,12,6,16,9,0,9,0,0,3,14,1,21,19,29,26,1,16,6,22,16,0,6,9,14,18,14,10,9,26,38,6,40,40,1,0,12,20,22,19,14,3,7,0,0,4
19:34:08,3,0,7,21,40,27,20,1,12,33,38,15,15,29,5,12,8,28,0,4,0,12,0,21,27,0,16,11,12,8,3,20,2,13,1,19,17,9,1,28,1,9,6,21,22,21,27,2,9,8,2,2,40,26,0,1,11,4,15,9,0,7,0,0,0,14,0,21,19,30,26,2,13,7,23,14,0,5,9,14,18,13,10,9,27,38,7,39,40,1,0,11,20,22,19,14,3,7,0,0,5
19:36:09,3,0,7,21,40,27,20,1,12,33,38,15,15,29,5,12,8,28,0,4,0,12,0,21,27,0,16,11,12,8,3,20,2,13,1,19,17,9,1,28,1,9,6,21,22,21,27,2,9,8,2,2,40,26,0,1,11,4,15,9,0,7,0,0,0,14,0,21,19,30,26,2,13,7,23,14,0,5,9,14,18,13,10,9,27,38,7,39,40,1,0,11,20,22,19,14,3,7,0,0,5
19:38:09,4,0,6,21,40,29,20,1,13,34,38,15,17,29,5,12,8,27,0,4,0,12,1,21,26,0,14,10,13,8,3,20,1,13,1,20,18,9,1,29,1,9,3,21,22,23,27,2,9,8,2,2,40,27,0,1,11,2,15,8,0,8,0,0,0,15,0,23,19,30,26,2,13,7,23,13,0,6,9,14,19,13,10,8,27,38,8,39,40,0,0,11,20,23,19,15,3,7,0,0,4
19:40:09,5,0,6,21,40,29,20,1,13,36,37,15,19,30,5,12,8,26,0,4,0,11,1,21,26,0,14,10,13,8,3,20,1,13,1,20,18,9,1,29,1,8,3,18,25,21,25,1,9,6,2,2,40,27,1,1,11,1,15,9,0,8,0,0,0,15,1,23,19,30,26,2,12,7,23,13,0,6,9,14,20,13,10,10,28,38,8,40,40,1,0,11,20,23,19,15,3,7,0,0,4
19:42:08,5,0,6,21,40,29,20,1,13,36,37,15,19,30,5,12,8,26,0,4,0,11,1,21,26,0,14,10,13,8,3,20,1,13,1,20,18,9,1,29,1,8,3,18,25,21,25,1,9,6,2,2,40,27,1,1,11,1,15,9,0,8,0,0,0,15,1,23,19,30,26,2,12,7,23,13,0,6,9,14,20,13,10,10,28,38,8,40,40,1,0,11,20,23,19,15,3,7,0,0,4
19:44:09,5,0,5,21,40,30,20,1,13,38,37,16,19,30,4,12,8,26,1,3,1,11,1,21,26,0,14,10,15,8,3,20,1,13,1,20,19,9,0,29,1,8,3,16,25,21,24,1,9,9,2,2,40,28,1,1,11,0,16,9,0,8,0,0,0,15,1,23,19,30,26,0,10,7,23,11,0,5,8,14,21,12,10,10,28,38,9,40,40,0,0,14,20,24,19,17,2,7,0,0,4
19:46:09,5,0,5,21,40,30,20,1,14,40,37,16,19,30,4,12,9,28,1,3,1,11,0,21,26,0,14,10,15,10,2,20,1,13,1,20,18,9,0,29,0,8,2,17,25,22,21,1,9,10,2,2,40,28,0,1,11,1,15,9,0,7,0,0,1,15,2,24,19,30,26,0,11,5,23,10,2,5,8,14,21,12,11,11,28,38,7,40,40,0,0,13,20,24,19,18,2,7,0,0,4
19:48:09,5,0,5,21,40,30,20,1,14,40,37,16,19,30,4,12,9,28,1,3,1,11,0,21,26,0,14,10,15,10,2,20,1,13,1,20,18,9,0,29,0,8,2,17,25,22,21,1,9,10,2,2,40,28,0,1,11,1,15,9,0,7,0,0,1,15,2,24,19,30,26,0,11,5,23,10,2,5,8,14,21,12,11,11,28,38,7,40,40,0,0,13,20,24,19,18,2,7,0,0,4
19:50:09,5,0,5,20,39,30,20,1,14,40,37,15,20,30,4,11,11,29,0,3,1,11,0,21,26,0,14,9,15,10,2,21,1,13,1,20,18,9,0,28,0,7,2,18,25,22,22,1,9,10,1,2,40,27,0,1,10,0,14,9,0,10,0,1,1,15,2,23,19,30,26,0,11,5,23,10,2,5,9,14,21,12,12,11,28,37,7,40,40,0,0,15,21,24,19,18,2,8,0,1,6
19:52:09,5,0,5,20,39,30,20,1,14,39,36,15,21,29,3,10,13,29,0,0,1,11,1,20,26,0,12,9,15,11,3,21,1,14,0,20,19,9,0,28,0,7,2,19,23,22,22,0,8,10,1,0,40,30,0,1,10,0,13,9,0,12,0,3,0,16,0,23,19,30,25,0,11,5,23,9,3,4,9,16,23,12,12,11,29,37,7,40,40,0,0,15,21,24,19,18,3,8,0,1,6
19:54:09,5,0,5,20,39,30,20,1,14,39,36,15,21,29,3,10,13,29,0,0,1,11,1,20,26,0,12,9,15,11,3,21,1,14,0,20,19,9,0,28,0,7,2,19,23,22,22,0,8,10,1,0,40,30,0,1,10,0,13,9,0,12,0,3,0,16,0,23,19,30,25,0,11,5,23,9,3,4,9,16,23,12,12,11,29,37,7,40,40,0,0,15,21,24,19,18,3,8,0,1,6
19:56:08,6,0,5,21,39,30,20,1,14,38,36,15,21,29,3,10,14,29,0,0,1,11,2,20,26,0,11,10,17,11,3,21,1,14,0,19,19,9,0,27,0,8,2,19,21,22,22,0,8,11,1,0,40,30,0,1,10,0,13,9,0,12,0,3,0,16,0,23,19,30,26,0,9,5,23,9,3,4,9,16,25,12,12,11,29,37,7,40,40,0,1,16,21,25,20,17,3,9,0,1,6
19:58:09,6,0,5,21,39,33,20,1,14,38,36,15,22,29,3,10,15,29,0,0,2,11,2,20,26,0,10,11,17,11,3,21,1,14,0,19,20,9,0,27,0,8,0,19,21,22,23,0,5,11,0,0,40,30,2,1,9,1,13,8,0,12,0,3,0,16,0,23,19,30,27,0,7,4,23,9,2,4,9,16,25,12,12,11,29,37,7,39,40,1,1,18,21,25,20,17,3,9,0,2,6
20:00:09,6,0,5,21,39,33,20,1,14,38,36,15,22,29,3,10,15,29,0,0,2,11,2,20,26,0,10,11,17,11,3,21,1,14,0,19,20,9,0,27,0,8,0,19,21,22,23,0,5,11,0,0,40,30,2,1,9,1,13,8,0,12,0,3,0,16,0,23,19,30,27,0,7,4,23,9,2,4,9,16,25,12,12,11,29,37,7,39,40,1,1,18,21,25,20,17,3,9,0,2,6
20:02:08,6,0,5,21,39,34,20,1,14,38,36,14,22,29,3,11,15,30,0,0,2,10,2,20,26,0,10,11,17,11,3,23,2,14,0,19,20,9,0,28,0,6,0,17,19,22,22,0,4,11,0,0,40,29,1,1,8,2,12,8,0,12,0,3,0,16,0,22,19,30,27,0,7,4,23,9,0,6,9,17,26,12,12,11,30,38,6,39,40,1,1,19,21,25,20,15,3,9,0,2,6
20:04:09,6,0,5,21,39,34,20,1,14,38,36,14,22,29,3,11,15,30,0,0,2,10,2,20,26,0,10,11,17,11,3,23,2,14,0,19,20,9,0,28,0,6,0,17,19,22,22,0,4,11,0,0,40,29,1,1,8,2,12,8,0,12,0,3,0,16,0,22,19,30,27,0,7,4,23,9,0,6,9,17,26,12,12,11,30,38,6,39,40,1,1,19,21,25,20,15,3,9,0,2,6
20:06:09,7,0,5,21,38,35,21,1,14,39,36,14,22,29,2,11,15,30,0,1,2,10,2,20,26,0,9,12,18,11,3,23,2,12,0,19,20,9,0,29,0,4,0,18,18,20,22,0,4,11,1,0,40,29,1,1,6,2,11,8,3,12,0,3,1,15,0,22,18,30,27,0,7,3,22,10,0,6,9,17,26,12,12,12,30,38,6,39,40,1,1,19,21,25,20,15,3,9,0,3,6
20:08:08,7,0,5,22,38,35,21,1,14,40,36,14,22,30,2,11,15,30,0,1,2,8,0,21,26,0,7,12,17,11,3,23,2,12,0,19,19,9,1,29,0,2,0,18,17,21,22,0,3,10,1,0,40,29,1,1,4,3,11,8,4,12,0,4,0,15,0,22,18,30,26,0,7,2,22,10,0,7,9,17,27,11,12,12,31,38,6,39,40,1,0,18,21,25,20,15,3,9,0,4,4
20:10:09,7,0,5,22,38,35,21,1,14,40,36,14,22,30,2,11,15,30,0,1,2,8,0,21,26,0,7,12,17,11,3,23,2,12,0,19,19,9,1,29,0,2,0,18,17,21,22,0,3,10,1,0,40,29,1,1,4,3,11,8,4,12,0,4,0,15,0,22,18,30,26,0,7,2,22,10,0,7,9,17,27,11,12,12,31,38,6,39,40,1,0,18,21,25,20,15,3,9,0,4,4
20:12:09,7,0,5,22,38,35,21,1,15,40,36,15,23,30,2,12,15,29,1,2,3,8,0,21,26,1,5,12,18,11,3,23,3,12,0,20,19,9,1,29,1,4,0,19,17,23,21,1,0,10,1,0,40,30,2,1,4,3,11,7,4,13,0,5,0,15,0,22,18,30,26,0,8,0,23,10,1,9,9,18,27,11,12,12,31,38,6,39,40,1,0,18,21,25,20,15,3,9,0,4,4
20:14:08,7,0,5,22,38,35,21,1,15,39,36,16,24,29,2,12,16,29,0,2,3,8,0,21,27,1,5,13,18,8,3,23,4,12,0,20,20,9,1,29,0,4,0,19,15,23,20,0,0,10,3,1,40,30,2,1,4,2,10,7,6,12,0,5,0,16,0,22,19,30,26,0,6,0,23,9,1,9,9,19,28,10,12,12,31,38,7,39,40,1,0,17,21,25,20,15,3,9,0,4,3
20:16:08,7,0,5,22,38,35,21,1,15,39,36,16,24,29,2,12,16,29,0,2,3,8,0,21,27,1,5,13,18,8,3,23,4,12,0,20,20,9,1,29,0,4,0,19,15,23,20,0,0,10,3,1,40,30,2,1,4,2,10,7,6,12,0,5,0,16,0,22,19,30,26,0,6,0,23,9,1,9,9,19,28,10,12,12,31,38,7,39,40,1,0,17,21,25,20,15,3,9,0,4,3
20:18:09,7,0,5,22,38,34,21,1,15,38,36,16,24,29,2,11,16,28,0,2,3,8,0,21,27,1,5,12,18,8,3,22,4,12,0,20,20,9,1,28,0,4,0,19,15,23,20,0,0,10,2,0,40,30,2,1,4,2,11,7,6,13,0,5,0,16,0,22,19,30,27,0,5,0,23,11,2,9,8,19,27,10,12,13,31,38,7,39,40,1,0,17,21,25,20,15,3,10,0,4,3
20:20:08,8,0,5,22,38,35,21,1,15,35,36,16,24,27,2,11,16,28,0,2,3,8,0,21,18,1,2,11,18,8,3,22,4,12,0,20,20,8,0,28,1,3,0,16,13,23,20,0,0,8,2,0,40,30,2,1,4,2,11,7,7,13,0,5,0,16,0,23,21,30,28,0,3,0,23,13,2,9,8,19,27,10,12,11,31,38,8,39,40,1,0,17,21,25,20,19,3,11,0,4,0
20:22:09,8,0,5,22,38,35,21,1,15,35,36,16,24,27,2,11,16,28,0,2,3,8,0,21,18,1,2,11,18,8,3,22,4,12,0,20,20,8,0,28,1,3,0,16,13,23,20,0,0,8,2,0,40,30,2,1,4,2,11,7,7,13,0,5,0,16,0,23,21,30,28,0,3,0,23,13,2,9,8,19,27,10,12,11,31,38,8,39,40,1,0,17,21,25,20,19,3,11,0,4,0
20:24:09,8,0,5,22,39,35,20,1,15,37,36,16,24,26,2,11,17,28,0,3,3,8,0,21,14,1,2,10,18,8,3,22,4,11,0,20,20,8,0,28,1,3,0,16,13,21,21,0,0,8,2,0,40,30,2,1,4,2,11,7,8,14,0,5,0,16,0,23,21,30,28,0,4,0,22,14,3,9,9,19,27,10,12,11,32,37,8,39,40,1,0,18,21,25,20,23,2,11,0,4,0
20:26:09,8,0,5,22,39,34,20,2,15,37,36,16,24,27,3,11,19,28,1,3,3,8,0,21,14,1,0,10,18,6,3,22,4,12,0,20,20,8,0,28,1,3,0,14,11,21,21,0,0,8,2,0,40,29,2,1,4,2,11,7,7,15,0,5,0,16,0,23,21,30,29,0,5,0,22,15,5,8,9,19,27,10,12,11,32,37,8,39,40,1,0,18,21,26,20,23,1,11,0,4,0
20:28:08,8,0,5,22,39,34,20,2,15,37,36,16,24,27,3,11,19,28,1,3,3,8,0,21,14,1,0,10,18,6,3,22,4,12,0,20,20,8,0,28,1,3,0,14,11,21,21,0,0,8,2,0,40,29,2,1,4,2,11,7,7,15,0,5,0,16,0,23,21,30,29,0,5,0,22,15,5,8,9,19,27,10,12,11,32,37,8,39,40,1,0,18,21,26,20,23,1,11,0,4,0
20:30:08,8,0,5,22,39,34,20,2,15,38,36,17,23,27,3,11,19,27,1,4,2,7,0,21,9,1,2,10,19,5,3,22,4,13,0,20,20,6,1,26,0,3,0,14,10,20,21,0,0,8,2,0,40,28,2,1,4,2,14,4,7,15,0,5,0,16,0,23,22,29,29,0,5,0,22,13,5,9,9,19,27,11,12,11,33,37,8,39,40,1,0,19,21,26,21,24,2,13,0,4,0
20:32:09,8,0,5,23,39,34,20,2,15,38,36,17,23,28,3,11,20,26,0,3,2,7,0,21,9,1,0,11,19,5,3,22,4,14,0,20,20,6,0,26,0,6,0,14,10,20,21,0,0,8,3,0,40,28,2,1,4,2,14,4,6,15,0,4,0,16,0,23,23,29,29,0,5,0,22,14,3,9,9,19,27,11,12,11,33,36,8,40,40,1,0,20,21,26,21,23,3,13,0,4,0
20:34:09,8,0,5,23,39,34,20,2,15,38,36,17,23,28,3,11,20,26,0,3,2,7,0,21,9,1,0,11,19,5,3,22,4,14,0,20,20,6,0,26,0,6,0,14,10,20,21,0,0,8,3,0,40,28,2,1,4,2,14,4,6,15,0,4,0,16,0,23,23,29,29,0,5,0,22,14,3,9,9,19,27,11,12,11,33,36,8,40,40,1,0,20,21,26,21,23,3,13,0,4,0
20:36:09,8,0,4,24,39,34,22,2,15,38,36,17,23,28,4,11,11,27,0,2,2,7,1,21,9,0,0,12,19,5,3,22,4,14,0,20,20,6,0,25,0,9,0,12,10,20,19,0,0,7,3,0,40,28,2,3,4,2,14,4,6,15,0,3,0,16,0,24,24,29,30,0,5,0,23,14,3,9,10,19,28,12,12,11,35,36,8,40,40,1,0,20,20,27,21,23,3,13,0,4,1
20:38:08,8,0,4,24,40,35,22,2,15,38,36,14,23,30,6,11,11,27,0,2,3,6,1,21,9,0,1,12,19,2,2,22,3,15,0,20,19,6,0,25,0,9,0,13,8,21,17,0,0,7,3,0,40,29,2,3,4,2,14,3,6,17,0,3,0,16,0,24,24,29,30,0,5,0,23,15,2,9,10,19,28,12,12,12,35,36,9,40,40,1,0,20,20,27,21,23,3,13,0,4,0
20:40:08,8,0,4,24,40,35,22,2,15,38,36,14,23,30,6,11,11,27,0,2,3,6,1,21,9,0,1,12,19,2,2,22,3,15,0,20,19,6,0,25,0,9,0,13,8,21,17,0,0,7,3,0,40,29,2,3,4,2,14,3,6,17,0,3,0,16,0,24,24,29,30,0,5,0,23,15,2,9,10,19,28,12,12,12,35,36,9,40,40,1,0,20,20,27,21,23,3,13,0,4,0
20:42:09,8,0,4,24,40,35,22,2,15,37,36,13,23,30,6,11,12,30,0,2,3,6,0,23,8,1,1,12,21,2,2,22,3,14,0,20,19,6,0,25,0,11,0,13,8,22,17,0,0,7,2,0,40,29,2,2,4,2,14,3,5,18,0,2,0,17,0,25,24,29,30,0,5,0,23,15,2,10,10,19,29,12,12,12,37,36,9,40,40,1,0,19,20,27,21,22,3,13,0,4,0
20:44:09,8,0,3,25,40,35,22,2,14,36,36,13,23,30,6,11,12,30,0,2,3,6,0,23,8,1,1,12,21,3,2,22,3,14,0,20,20,6,0,23,0,11,0,13,8,22,17,0,0,7,2,0,40,20,2,2,4,3,14,3,4,22,0,2,0,16,0,25,23,30,30,0,5,1,22,15,1,10,10,21,29,13,12,13,37,36,9,40,40,1,0,19,20,27,21,22,3,13,0,4,8
20:46:09,8,0,3,25,40,35,22,2,14,36,36,13,23,30,6,11,12,30,0,2,3,6,0,23,8,1,1,12,21,3,2,22,3,14,0,20,20,6,0,23,0,11,0,13,8,22,17,0,0,7,2,0,40,20,2,2,4,3,14,3,4,22,0,2,0,16,0,25,23,30,30,0,5,1,22,15,1,10,10,21,29,13,12,13,37,36,9,40,40,1,0,19,20,27,21,22,3,13,0,4,8
20:48:08,8,0,3,26,40,35,22,2,14,36,35,13,23,30,6,10,12,30,0,2,3,6,0,23,8,0,1,12,21,3,1,22,3,14,0,20,20,8,0,21,0,11,0,15,8,22,17,0,0,11,2,0,40,18,1,2,4,3,14,4,4,22,0,2,0,16,1,25,23,30,30,0,5,1,22,14,1,11,10,21,29,13,13,13,38,37,9,39,40,1,0,19,20,27,21,23,3,13,0,4,9
20:50:08,8,0,3,27,40,35,23,2,14,38,35,13,23,29,6,10,12,30,0,2,3,6,0,23,7,0,0,12,22,3,0,22,3,16,0,20,20,8,0,20,0,10,0,15,8,23,16,0,1,11,1,0,40,19,0,2,5,2,14,5,4,22,0,1,0,16,1,26,23,31,30,1,4,0,22,14,1,9,9,21,29,13,13,13,38,37,9,39,40,1,0,19,20,27,21,23,3,13,0,4,9
20:52:09,8,0,3,27,40,35,23,2,14,38,35,13,23,29,6,10,12,30,0,2,3,6,0,23,7,0,0,12,22,3,0,22,3,16,0,20,20,8,0,20,0,10,0,15,8,23,16,0,1,11,1,0,40,19,0,2,5,2,14,5,4,22,0,1,0,16,1,26,23,31,30,1,4,0,22,14,1,9,9,21,29,13,13,13,38,37,9,39,40,1,0,19,20,27,21,23,3,13,0,4,9
20:54:09,8,0,3,27,40,35,23,2,14,38,35,13,23,30,6,10,12,30,0,2,3,6,0,23,7,0,0,11,22,3,0,22,3,16,3,19,20,8,3,21,0,10,0,15,7,25,16,0,1,11,0,0,40,19,0,1,5,2,14,6,4,23,0,1,0,16,2,26,23,31,30,1,4,1,21,13,0,9,9,21,29,13,13,14,38,37,9,40,40,1,0,19,20,28,21,22,3,12,0,3,9
20:56:09,8,0,3,27,39,35,23,2,14,36,35,13,23,30,6,10,13,30,0,2,3,6,0,23,8,0,3,11,23,2,0,22,3,16,9,20,20,8,8,21,0,11,0,13,7,27,16,0,0,12,0,0,40,19,0,1,6,0,14,6,4,23,0,1,0,16,3,26,23,31,30,1,4,1,21,14,0,9,9,21,30,14,14,14,38,37,8,40,40,1,0,18,20,28,21,21,3,12,0,3,9
20:58:08,8,0,3,27,39,35,23,2,14,36,35,13,23,30,6,10,13,30,0,2,3,6,0,23,8,0,3,11,23,2,0,22,3,16,9,20,20,8,8,21,0,11,0,13,7,27,16,0,0,12,0,0,40,19,0,1,6,0,14,6,4,23,0,1,0,16,3,26,23,31,30,1,4,1,21,14,0,9,9,21,30,14,14,14,38,37,8,40,40,1,0,18,20,28,21,21,3,12,0,3,9
21:00:08,8,0,8,27,39,29,23,4,14,36,35,13,23,30,6,10,13,30,0,3,3,5,0,23,10,0,8,11,23,2,0,22,3,17,9,20,20,8,8,21,0,11,0,13,7,28,15,0,0,12,0,0,40,19,0,1,6,1,14,6,3,23,0,2,0,16,4,26,23,30,30,1,4,1,21,14,0,9,9,21,30,14,14,14,38,37,8,39,40,1,0,18,20,28,21,19,2,12,0,3,9
21:02:09,8,0,8,27,39,29,23,4,14,36,35,13,23,30,6,10,13,30,0,3,3,5,0,23,10,0,8,11,23,2,0,22,3,17,9,20,20,8,8,21,0,11,0,13,7,28,15,0,0,12,0,0,40,19,0,1,6,1,14,6,3,23,0,2,0,16,4,26,23,30,30,1,4,1,21,14,0,9,9,21,30,14,14,14,38,37,8,39,40,1,0,18,20,28,21,19,2,12,0,3,9
21:04:09,8,0,12,27,39,23,23,4,14,36,35,13,23,29,5,9,13,30,0,3,3,5,0,23,11,0,9,9,23,2,0,21,3,15,9,20,20,8,8,22,0,11,0,12,7,30,15,0,0,13,0,0,40,17,0,1,6,0,14,6,4,23,1,2,0,16,4,26,23,30,30,1,4,1,21,14,1,10,9,21,29,14,14,14,39,37,8,39,40,1,0,18,20,29,21,19,2,12,0,3,13
21:06:09,8,0,12,27,39,17,23,4,14,36,35,12,24,29,5,9,14,30,0,3,3,5,0,22,11,0,9,9,23,2,0,21,3,14,9,20,20,8,8,21,0,11,0,12,6,31,15,0,0,14,0,0,40,17,0,1,6,0,13,5,4,23,1,2,0,16,4,27,23,30,31,1,3,2,21,14,1,11,9,21,30,14,14,14,39,37,8,39,40,1,0,18,20,29,21,20,2,11,0,3,17
21:08:08,8,0,12,27,39,17,23,4,14,36,35,12,24,29,5,9,14,30,0,3,3,5,0,22,11,0,9,9,23,2,0,21,3,14,9,20,20,8,8,21,0,11,0,12,6,31,15,0,0,14,0,0,40,17,0,1,6,0,13,5,4,23,1,2,0,16,4,27,23,30,31,1,3,2,21,14,1,11,9,21,30,14,14,14,39,37,8,39,40,1,0,18,20,29,21,20,2,11,0,3,17
21:10:09,8,0,12,27,40,18,23,4,14,36,35,12,24,29,5,9,14,30,0,3,3,5,0,22,11,0,9,9,23,2,0,21,2,14,9,19,19,7,8,21,0,11,0,12,6,31,15,0,0,14,0,0,40,18,0,1,6,0,13,5,4,23,1,2,0,16,4,26,23,30,31,1,2,1,21,14,1,12,9,21,29,15,14,14,39,37,8,39,40,1,0,18,20,30,21,20,2,12,0,3,17
21:12:09,8,0,12,27,40,18,24,4,14,36,35,12,24,29,6,9,14,30,0,4,2,5,0,22,11,1,7,9,23,2,0,21,2,14,8,20,18,8,8,21,0,12,0,11,5,30,15,0,0,14,0,0,40,17,0,1,6,1,12,5,4,23,1,2,0,16,3,26,23,30,31,1,2,0,21,15,0,11,8,21,29,15,14,15,39,37,8,39,40,3,0,18,20,30,22,20,2,12,0,3,17
21:14:09,8,0,12,27,40,18,24,4,14,36,35,12,24,29,6,9,14,30,0,4,2,5,0,22,11,1,7,9,23,2,0,21,2,14,8,20,18,8,8,21,0,12,0,11,5,30,15,0,0,14,0,0,40,17,0,1,6,1,12,5,4,23,1,2,0,16,3,26,23,30,31,1,2,0,21,15,0,11,8,21,29,15,14,15,39,37,8,39,40,3,0,18,20,30,22,20,2,12,0,3,17
21:16:09,7,0,12,27,40,19,24,3,14,37,35,12,24,22,7,9,15,30,0,4,3,6,0,24,11,1,7,9,23,2,0,21,2,15,8,20,18,8,8,21,0,12,0,11,5,31,15,0,0,14,0,0,40,17,0,1,6,1,13,5,4,23,1,2,0,16,3,26,24,30,31,1,2,0,22,15,0,11,8,21,29,15,15,15,39,38,8,39,40,3,0,18,20,30,22,20,2,12,0,2,17
21:18:09,7,0,12,27,40,19,24,3,14,26,35,11,24,20,7,9,15,30,0,4,4,6,0,24,11,1,7,8,23,2,0,21,1,15,6,20,18,8,8,21,0,11,0,11,5,31,15,0,0,15,0,0,40,17,0,1,6,2,13,6,4,23,1,3,0,16,3,26,24,30,32,1,2,0,21,16,0,11,8,21,29,15,15,17,39,38,7,40,40,3,0,19,21,30,22,19,1,11,0,2,17
21:20:09,7,0,12,27,40,19,24,3,14,26,35,11,24,20,7,9,15,30,0,4,4,6,0,24,11,1,7,8,23,2,0,21,1,15,6,20,18,8,8,21,0,11,0,11,5,31,15,0,0,15,0,0,40,17,0,1,6,2,13,6,4,23,1,3,0,16,3,26,24,30,32,1,2,0,21,16,0,11,8,21,29,15,15,17,39,38,7,40,40,3,0,19,21,30,22,19,1,11,0,2,17
21:22:08,7,0,12,27,40,19,24,3,15,25,35,15,24,17,7,9,15,30,0,4,4,6,0,24,10,1,7,6,23,0,0,21,1,16,6,20,19,8,7,18,0,10,0,12,5,31,16,0,0,15,0,0,40,17,0,1,6,2,13,6,4,23,0,3,0,16,3,26,24,30,33,1,2,0,21,17,0,10,8,21,30,15,15,17,40,38,8,40,40,3,0,19,21,30,22,19,1,11,0,2,16
21:24:08,7,0,12,27,40,19,24,3,14,25,35,20,24,14,9,9,15,30,0,4,4,6,0,25,10,1,7,5,22,0,0,21,1,16,6,20,19,8,7,18,0,10,0,12,5,31,18,0,0,17,0,0,40,16,0,1,5,2,11,5,3,23,0,3,0,18,2,26,25,31,33,1,3,0,21,17,0,9,8,20,30,15,16,15,40,38,9,40,40,3,0,20,22,30,22,19,1,11,0,2,16
21:26:09,7,0,12,27,40,19,24,3,14,25,35,20,24,14,9,9,15,30,0,4,4,6,0,25,10,1,7,5,22,0,0,21,1,16,6,20,19,8,7,18,0,10,0,12,5,31,18,0,0,17,0,0,40,16,0,1,5,2,11,5,3,23,0,3,0,18,2,26,25,31,33,1,3,0,21,17,0,9,8,20,30,15,16,15,40,38,9,40,40,3,0,20,22,30,22,19,1,11,0,2,16
21:28:09,7,0,12,27,40,19,24,4,14,25,34,20,24,14,9,9,15,30,0,4,4,12,0,26,10,1,7,6,24,0,1,21,2,16,5,20,19,8,7,18,0,10,0,13,4,31,17,0,0,18,1,0,40,15,0,1,5,3,11,4,3,23,1,3,1,18,2,26,26,31,33,1,3,0,21,17,0,9,8,19,30,16,17,15,40,38,9,40,40,3,0,20,22,30,22,19,1,10,0,2,16
21:30:09,7,0,12,27,40,19,25,4,14,25,34,20,24,12,9,8,15,30,0,3,4,12,0,27,12,0,11,6,24,0,1,21,3,16,5,20,19,7,7,17,0,7,0,13,5,31,16,0,0,18,1,0,40,15,0,1,2,3,11,4,3,24,1,3,0,18,2,26,26,31,33,1,3,1,21,17,0,8,7,19,30,16,17,15,40,38,10,40,40,4,0,20,22,30,22,21,1,10,0,2,17
21:32:08,7,0,12,27,40,19,25,4,14,25,34,20,24,12,9,8,15,30,0,3,4,12,0,27,12,0,11,6,24,0,1,21,3,16,5,20,19,7,7,17,0,7,0,13,5,31,16,0,0,18,1,0,40,15,0,1,2,3,11,4,3,24,1,3,0,18,2,26,26,31,33,1,3,1,21,17,0,8,7,19,30,16,17,15,40,38,10,40,40,4,0,20,22,30,22,21,1,10,0,2,17
21:34:08,7,0,12,27,40,19,24,4,14,27,34,20,24,12,9,8,16,29,0,3,5,12,0,27,14,0,14,6,24,0,1,21,3,16,5,20,19,7,7,15,0,9,0,13,5,31,16,0,0,18,1,0,40,15,0,1,2,3,11,4,2,25,1,3,1,18,2,26,26,31,33,1,3,1,21,18,0,4,7,19,30,16,18,15,40,38,10,39,40,5,0,20,22,30,22,21,1,10,0,2,17
21:36:09,7,0,12,27,40,19,24,4,14,27,34,17,24,12,10,8,16,29,1,3,5,10,0,27,15,1,14,6,24,0,1,21,3,16,5,20,17,7,8,15,0,10,0,13,5,32,15,0,0,18,2,0,40,15,0,1,2,3,11,4,2,25,1,3,1,18,2,25,26,31,33,1,3,1,21,18,2,3,7,19,30,16,18,13,40,38,10,39,40,5,0,24,22,30,22,21,1,10,0,2,17
21:38:09,7,0,12,27,40,19,24,4,14,27,34,17,24,12,10,8,16,29,1,3,5,10,0,27,15,1,14,6,24,0,1,21,3,16,5,20,17,7,8,15,0,10,0,13,5,32,15,0,0,18,2,0,40,15,0,1,2,3,11,4,2,25,1,3,1,18,2,25,26,31,33,1,3,1,21,18,2,3,7,19,30,16,18,13,40,38,10,39,40,5,0,24,22,30,22,21,1,10,0,2,17
21:40:09,7,0,12,27,40,19,24,4,15,23,34,17,24,12,10,8,16,29,1,2,5,10,0,27,15,1,14,5,24,0,1,21,3,16,5,20,17,7,7,15,0,10,7,11,5,32,15,0,0,18,2,0,40,15,0,1,2,3,10,3,2,25,1,3,1,18,2,25,26,32,33,1,2,2,22,18,9,4,7,19,30,16,18,13,40,38,10,39,40,5,0,24,22,30,22,19,1,10,0,2,17
21:42:08,7,0,12,27,40,19,23,4,15,23,34,14,24,12,10,8,16,30,1,2,5,10,0,27,15,1,11,6,24,0,1,21,3,15,4,20,17,7,7,17,0,11,9,11,5,32,13,0,0,18,2,0,40,15,0,5,1,3,10,3,2,25,1,3,1,18,2,25,26,32,33,1,3,2,22,17,10,4,7,18,30,16,19,11,40,38,11,39,40,5,0,25,22,30,22,19,1,10,0,2,17
21:44:08,7,0,12,27,40,19,23,4,15,23,34,14,24,12,10,8,16,30,1,2,5,10,0,27,15,1,11,6,24,0,1,21,3,15,4,20,17,7,7,17,0,11,9,11,5,32,13,0,0,18,2,0,40,15,0,5,1,3,10,3,2,25,1,3,1,18,2,25,26,32,33,1,3,2,22,17,10,4,7,18,30,16,19,11,40,38,11,39,40,5,0,25,22,30,22,19,1,10,0,2,17
21:46:09,7,0,12,27,40,19,23,4,15,24,34,14,25,12,10,8,17,30,0,2,5,10,0,26,12,2,9,6,24,0,2,21,3,15,4,20,16,7,7,17,0,11,9,11,5,30,13,0,0,19,0,0,40,15,0,9,1,3,10,3,2,25,1,2,1,18,2,25,26,32,33,2,3,0,22,17,10,4,7,18,30,16,19,12,40,37,12,39,40,5,0,27,22,30,22,17,1,10,1,2,16
21:48:09,6,0,12,27,40,19,23,4,16,24,34,14,25,12,10,8,19,30,0,2,5,10,1,27,12,2,7,7,24,0,2,21,4,14,2,19,17,7,6,17,0,11,9,10,6,29,13,0,0,18,0,0,40,15,1,9,3,3,10,3,2,25,1,2,4,18,2,25,26,32,32,3,3,0,22,17,12,5,7,18,30,16,20,12,40,36,12,39,40,5,0,28,22,30,22,17,0,10,1,2,16
21:50:09,6,0,12,27,40,19,23,4,16,24,34,14,25,12,10,8,19,30,0,2,5,10,1,27,12,2,7,7,24,0,2,21,4,14,2,19,17,7,6,17,0,11,9,10,6,29,13,0,0,18,0,0,40,15,1,9,3,3,10,3,2,25,1,2,4,18,2,25,26,32,32,3,3,0,22,17,12,5,7,18,30,16,20,12,40,36,12,39,40,5,0,28,22,30,22,17,0,10,1,2,16
21:52:09,6,1,12,27,40,19,23,4,16,24,34,14,25,8,10,8,20,30,0,2,5,10,1,27,12,4,7,7,25,1,2,21,4,14,2,19,18,7,6,16,0,11,9,10,5,30,13,1,0,18,1,0,40,15,1,9,4,3,9,2,1,25,1,2,4,20,2,26,27,32,32,3,3,0,22,19,11,5,6,17,29,16,19,12,40,36,12,39,40,5,0,28,22,30,22,16,0,10,1,2,16
21:54:08,6,1,12,27,40,19,23,4,16,24,34,14,25,8,10,8,20,30,0,2,5,10,1,27,12,4,7,7,25,1,2,21,4,14,2,19,18,7,6,16,0,11,9,10,5,30,13,1,0,18,1,0,40,15,1,9,4,3,9,2,1,25,1,2,4,20,2,26,27,32,32,3,3,0,22,19,11,5,6,17,29,16,19,12,40,36,12,39,40,5,0,28,22,30,22,16,0,10,1,2,16
21:56:09,7,1,12,27,40,19,23,4,16,25,34,14,25,8,10,8,20,30,0,2,5,10,1,27,12,4,5,8,25,0,2,21,4,14,2,19,18,7,6,16,1,11,9,10,6,30,13,1,0,18,1,0,40,15,1,8,4,4,8,2,3,27,1,2,4,21,3,26,27,32,32,3,3,0,22,20,11,4,7,17,29,16,19,12,40,36,12,39,40,5,0,28,22,29,22,16,0,10,1,2,16
21:58:08,7,1,12,28,40,19,23,4,17,26,34,13,25,12,10,8,20,30,0,2,5,9,2,27,11,4,4,9,25,0,2,20,4,14,1,20,18,7,6,18,1,12,9,10,6,30,13,1,0,18,1,0,40,15,1,8,4,4,7,2,4,28,1,2,4,21,3,26,27,32,31,2,3,0,22,24,7,4,7,17,29,16,19,13,40,36,13,40,40,5,0,28,22,29,22,14,0,10,1,1,15
22:00:09,7,1,12,28,40,19,23,4,17,26,34,13,25,12,10,8,20,30,0,2,5,9,2,27,11,4,4,9,25,0,2,20,4,14,1,20,18,7,6,18,1,12,9,10,6,30,13,1,0,18,1,0,40,15,1,8,4,4,7,2,4,28,1,2,4,21,3,26,27,32,31,2,3,0,22,24,7,4,7,17,29,16,19,13,40,36,13,40,40,5,0,28,22,29,22,14,0,10,1,1,15
22:02:09,7,1,12,29,40,19,23,4,17,26,34,13,25,13,10,8,20,30,1,1,5,9,2,28,11,4,7,9,25,0,2,20,4,14,1,20,18,7,6,16,1,12,9,10,6,30,11,1,0,18,1,0,40,15,1,8,4,4,7,2,3,28,1,2,4,21,3,27,27,32,32,2,0,1,22,25,3,4,7,17,29,16,19,14,40,36,13,40,40,5,0,28,22,29,22,15,0,10,1,2,14
22:04:08,7,1,12,29,40,19,23,4,17,25,34,13,25,15,10,8,19,30,1,1,5,9,0,29,11,5,7,9,25,0,2,20,4,14,1,20,17,7,6,16,1,12,9,10,6,31,11,1,0,18,2,0,40,15,1,8,4,4,7,1,3,28,1,2,4,22,4,27,27,32,32,2,1,1,22,24,2,4,7,17,29,16,19,14,40,36,13,40,40,6,0,25,22,29,22,15,1,10,1,2,14
22:06:09,7,1,12,29,40,19,23,4,17,25,34,13,25,15,10,8,19,30,1,1,5,9,0,29,11,5,7,9,25,0,2,20,4,14,1,20,17,7,6,16,1,12,9,10,6,31,11,1,0,18,2,0,40,15,1,8,4,4,7,1,3,28,1,2,4,22,4,27,27,32,32,2,1,1,22,24,2,4,7,17,29,16,19,14,40,36,13,40,40,6,0,25,22,29,22,15,1,10,1,2,14
22:08:09,7,0,12,29,40,19,23,4,17,26,34,13,25,15,11,8,19,30,1,1,5,8,0,29,12,6,6,9,25,1,2,20,4,13,1,20,17,6,6,15,1,12,9,11,5,31,11,1,0,18,2,0,40,14,1,8,3,4,7,0,3,29,1,2,4,23,4,28,27,32,32,2,1,1,22,24,2,4,7,17,29,16,19,14,40,36,14,40,40,6,0,25,23,29,22,16,1,10,1,2,14
22:10:08,6,0,12,30,31,19,23,4,17,26,22,13,25,15,11,8,20,30,0,1,6,8,0,30,12,6,3,7,25,1,2,21,3,13,1,20,17,4,5,15,2,12,9,12,5,31,9,1,0,18,2,0,40,16,1,8,3,3,7,0,2,29,1,1,4,23,4,28,27,32,32,0,0,1,22,25,0,3,7,17,29,16,19,14,40,36,14,40,40,6,0,24,23,29,22,16,1,10,1,2,13
22:12:09,6,0,12,30,31,19,23,4,17,26,22,13,25,15,11,8,20,30,0,1,6,8,0,30,12,6,3,7,25,1,2,21,3,13,1,20,17,4,5,15,2,12,9,12,5,31,9,1,0,18,2,0,40,16,1,8,3,3,7,0,2,29,1,1,4,23,4,28,27,32,32,0,0,1,22,25,0,3,7,17,29,16,19,14,40,36,14,40,40,6,0,24,23,29,22,16,1,10,1,2,13
22:14:09,6,0,12,30,31,19,25,3,17,25,22,13,25,17,11,7,20,30,0,0,6,8,0,30,12,6,0,7,25,2,2,21,3,13,1,20,18,4,5,15,1,12,9,11,5,33,9,1,0,20,2,0,40,16,1,8,3,3,7,0,2,29,1,1,4,23,4,28,27,32,32,0,0,2,22,25,0,3,7,17,29,16,19,14,40,36,14,40,40,6,0,24,23,29,22,15,1,10,1,2,12
22:16:09,6,0,12,30,31,19,25,3,18,28,22,13,25,18,11,7,20,30,0,0,7,8,0,30,12,6,0,7,25,2,2,21,3,13,1,20,17,3,5,14,0,12,9,11,4,33,9,1,0,19,2,0,40,16,1,8,3,4,7,0,2,29,1,2,4,26,4,28,27,31,32,0,0,4,22,26,0,3,7,17,30,16,19,15,40,36,15,31,40,6,0,24,23,30,22,16,1,10,1,3,12
22:18:09,6,0,12,30,31,19,25,3,18,28,22,13,25,18,11,7,20,30,0,0,7,8,0,30,12,6,0,7,25,2,2,21,3,13,1,20,17,3,5,14,0,12,9,11,4,33,9,1,0,19,2,0,40,16,1,8,3,4,7,0,2,29,1,2,4,26,4,28,27,31,32,0,0,4,22,26,0,3,7,17,30,16,19,15,40,36,15,31,40,6,0,24,23,30,22,16,1,10,1,3,12
22:20:09,6,0,12,30,31,19,25,3,18,28,19,13,25,20,10,6,19,30,1,0,7,8,0,30,13,6,0,6,27,0,2,21,3,13,1,20,17,3,5,14,0,12,9,10,4,33,9,1,0,20,2,0,40,16,1,8,3,4,7,0,2,29,1,2,4,26,3,29,27,32,32,0,0,4,22,27,0,3,7,17,30,16,19,15,40,36,15,31,40,6,0,23,23,30,22,16,1,10,1,3,9
22:22:09,6,0,12,30,31,20,25,3,18,28,19,13,25,20,11,6,20,30,1,0,8,7,0,30,13,6,0,6,27,0,3,22,3,13,1,20,15,3,5,15,0,12,10,10,3,32,9,1,0,20,2,0,40,16,1,8,3,4,7,0,2,28,1,2,4,26,3,29,27,32,32,0,0,4,23,28,0,0,7,17,30,17,18,15,40,36,15,31,40,6,0,22,24,30,22,15,1,10,1,3,9
22:24:08,6,0,12,30,31,20,25,3,18,28,19,13,25,20,11,6,20,30,1,0,8,7,0,30,13,6,0,6,27,0,3,22,3,13,1,20,15,3,5,15,0,12,10,10,3,32,9,1,0,20,2,0,40,16,1,8,3,4,7,0,2,28,1,2,4,26,3,29,27,32,32,0,0,4,23,28,0,0,7,17,30,17,18,15,40,36,15,31,40,6,0,22,24,30,22,15,1,10,1,3,9
22:26:09,6,0,12,29,31,20,25,3,18,29,19,13,25,21,11,5,20,30,1,1,8,7,0,30,14,6,0,6,27,0,10,22,3,13,2,20,15,2,6,14,0,12,10,10,3,33,9,1,0,20,2,0,40,16,3,8,2,4,5,0,2,28,1,2,3,26,2,30,27,32,35,0,0,4,23,32,0,0,7,16,29,17,18,15,40,36,15,31,40,7,0,24,25,31,22,15,1,9,1,3,9
22:28:09,6,0,12,29,31,20,25,3,18,29,19,13,25,21,11,5,20,30,1,1,8,7,0,30,14,6,0,6,27,0,10,22,3,13,2,20,15,2,6,14,0,12,10,10,3,33,9,1,0,20,2,0,40,16,3,8,2,4,5,0,2,28,1,2,3,26,2,30,27,32,35,0,0,4,23,32,0,0,7,16,29,17,18,15,40,36,15,31,40,7,0,24,25,31,22,15,1,9,1,3,9
22:30:09,6,0,12,29,31,21,25,3,18,29,19,12,25,21,11,5,20,30,1,1,8,7,0,30,15,6,0,6,27,0,16,22,3,13,2,20,14,0,6,13,0,12,10,9,3,33,9,1,0,18,2,0,40,16,3,8,2,5,5,1,3,28,1,2,0,26,2,30,27,32,35,0,0,4,23,29,0,1,7,18,29,17,18,15,40,36,16,31,40,7,0,24,25,32,22,13,1,9,1,3,9
22:32:08,6,0,12,29,32,21,26,3,18,31,19,12,25,22,11,5,20,30,1,1,8,6,0,30,16,6,0,6,27,0,18,21,2,14,2,20,13,0,6,13,0,11,10,9,0,33,9,2,0,20,2,0,40,17,3,8,2,6,5,1,3,28,1,2,0,26,2,30,27,32,35,0,0,4,24,29,0,1,7,18,29,17,18,14,40,36,17,31,40,7,0,24,25,32,22,13,1,9,1,3,8
22:34:09,6,0,12,29,32,21,26,3,18,31,19,12,25,22,11,5,20,30,1,1,8,6,0,30,16,6,0,6,27,0,18,21,2,14,2,20,13,0,6,13,0,11,10,9,0,33,9,2,0,20,2,0,40,17,3,8,2,6,5,1,3,28,1,2,0,26,2,30,27,32,35,0,0,4,24,29,0,1,7,18,29,17,18,14,40,36,17,31,40,7,0,24,25,32,22,13,1,9,1,3,8
22:36:09,6,0,12,29,32,21,26,3,19,31,19,11,25,21,11,5,20,30,1,1,8,6,0,30,16,6,0,6,27,0,18,21,2,14,2,20,12,0,6,13,0,11,10,8,0,33,9,2,0,19,2,0,40,17,3,8,2,6,5,1,3,29,1,2,0,26,1,30,27,32,35,0,0,4,24,30,0,1,7,18,29,17,18,14,40,36,17,31,40,7,0,23,25,32,22,15,1,9,1,3,8
22:38:08,6,0,12,29,32,21,26,2,19,31,20,11,25,21,11,4,21,30,1,1,8,5,1,30,18,6,0,5,27,0,18,21,3,14,2,20,12,0,6,11,0,10,10,8,0,34,8,2,0,19,0,0,40,17,3,8,2,6,4,1,4,29,1,2,0,26,1,30,27,32,35,0,0,4,25,33,0,1,7,18,30,17,18,14,40,36,18,31,40,7,0,23,25,32,22,15,1,9,1,3,8
22:40:09,6,0,12,29,32,21,26,2,19,31,20,11,25,21,11,4,21,30,1,1,8,5,1,30,18,6,0,5,27,0,18,21,3,14,2,20,12,0,6,11,0,10,10,8,0,34,8,2,0,19,0,0,40,17,3,8,2,6,4,1,4,29,1,2,0,26,1,30,27,32,35,0,0,4,25,33,0,1,7,18,30,17,18,14,40,36,18,31,40,7,0,23,25,32,22,15,1,9,1,3,8
22:42:09,6,0,12,29,32,21,26,2,19,31,20,10,25,20,11,4,21,30,1,0,9,5,0,30,19,6,0,4,28,0,18,21,3,14,2,20,13,0,6,12,0,10,10,8,0,34,7,2,0,20,0,0,40,17,3,8,2,6,4,1,4,29,1,2,0,26,0,30,27,32,35,0,0,4,25,33,0,1,7,19,30,17,18,14,40,36,17,31,40,6,0,23,25,33,22,15,1,9,1,3,7
22:44:09,6,0,12,29,32,21,27,2,19,31,20,10,25,20,11,4,21,30,1,0,9,5,0,30,19,5,0,4,29,0,18,22,3,14,2,20,13,0,6,12,0,10,10,7,1,35,6,2,0,20,0,0,40,17,3,8,2,6,5,0,4,29,1,2,0,28,0,30,27,32,36,0,0,4,25,33,0,1,7,20,30,17,18,14,40,36,18,31,40,6,0,22,25,34,22,15,1,9,1,3,6
22:46:08,6,0,12,29,32,21,27,2,19,31,20,10,25,20,11,4,21,30,1,0,9,5,0,30,19,5,0,4,29,0,18,22,3,14,2,20,13,0,6,12,0,10,10,7,1,35,6,2,0,20,0,0,40,17,3,8,2,6,5,0,4,29,1,2,0,28,0,30,27,32,36,0,0,4,25,33,0,1,7,20,30,17,18,14,40,36,18,31,40,6,0,22,25,34,22,15,1,9,1,3,6
22:48:08,6,0,12,29,32,21,27,2,19,31,20,10,25,18,11,4,21,30,0,0,9,5,0,30,21,5,0,4,30,0,18,23,3,13,2,20,13,0,6,12,0,10,9,7,0,34,6,2,0,20,0,0,40,17,3,8,2,6,5,0,4,29,1,2,0,28,0,31,27,33,36,0,0,3,25,33,0,1,7,20,30,17,18,14,40,37,18,31,40,6,0,22,25,35,22,16,1,9,1,3,4
22:50:09,6,0,12,30,32,21,27,2,19,31,20,9,25,20,11,4,20,30,0,0,9,5,0,30,21,6,0,3,30,0,18,23,3,13,2,20,13,0,6,11,0,10,9,7,0,34,6,2,0,20,0,0,40,16,3,8,2,6,5,0,4,30,1,2,0,28,1,31,27,33,37,0,0,3,27,34,0,1,7,20,30,17,18,14,40,37,20,31,40,6,0,23,25,35,22,16,1,9,1,2,4
22:52:09,6,0,12,30,32,21,27,2,19,31,20,9,25,20,11,4,20,30,0,0,9,5,0,30,21,6,0,3,30,0,18,23,3,13,2,20,13,0,6,11,0,10,9,7,0,34,6,2,0,20,0,0,40,16,3,8,2,6,5,0,4,30,1,2,0,28,1,31,27,33,37,0,0,3,27,34,0,1,7,20,30,17,18,14,40,37,20,31,40,6,0,23,25,35,22,16,1,9,1,2,4
22:54:08,6,0,12,30,32,22,27,2,19,32,19,9,24,20,11,4,20,30,0,0,9,5,0,30,22,6,0,3,30,0,18,23,3,13,2,20,12,0,6,11,0,10,9,7,0,34,5,2,0,20,0,0,40,16,3,8,2,6,5,0,3,30,1,2,0,28,1,31,27,33,38,0,0,3,27,34,0,2,7,20,30,17,18,14,40,37,20,31,40,6,0,23,25,35,22,16,1,9,1,2,4
22:56:09,6,0,12,30,32,22,27,2,19,32,19,9,24,20,11,4,22,30,1,0,9,5,0,30,23,6,0,3,30,0,18,23,3,10,2,20,12,0,6,10,0,11,9,6,0,34,5,2,0,20,0,0,40,16,3,7,2,6,5,0,3,30,0,3,0,28,1,31,27,33,39,0,0,3,27,34,0,2,7,20,30,17,18,14,40,37,20,31,40,6,0,23,25,35,22,16,1,9,1,2,4
22:58:09,6,0,12,30,32,22,27,2,19,32,19,9,24,20,11,4,22,30,1,0,9,5,0,30,23,6,0,3,30,0,18,23,3,10,2,20,12,0,6,10,0,11,9,6,0,34,5,2,0,20,0,0,40,16,3,7,2,6,5,0,3,30,0,3,0,28,1,31,27,33,39,0,0,3,27,34,0,2,7,20,30,17,18,14,40,37,20,31,40,6,0,23,25,35,22,16,1,9,1,2,4
23:00:09,6,0,12,30,32,22,27,2,19,32,19,9,24,20,11,4,22,30,0,0,9,5,0,30,22,6,0,3,30,0,18,23,3,10,1,20,12,0,6,10,0,11,8,6,1,33,5,2,1,20,0,0,40,16,3,7,2,6,5,0,4,30,0,3,1,28,1,31,27,33,40,0,0,3,28,34,0,2,7,20,30,17,18,14,40,37,22,31,40,6,0,23,25,35,22,16,2,9,1,2,4
23:02:08,6,0,12,30,32,22,27,2,19,32,19,9,24,20,11,4,22,30,0,0,9,5,0,30,22,6,0,3,30,0,18,23,3,10,1,20,12,0,6,10,0,11,8,6,1,33,5,2,1,20,0,0,40,16,3,7,2,6,5,0,4,30,0,3,1,28,1,31,27,33,40,0,0,3,28,34,0,2,7,20,30,17,18,14,40,37,22,31,40,6,0,23,25,35,22,16,2,9,1,2,4
23:04:09,6,0,12,30,32,23,27,2,19,30,19,8,25,20,12,4,22,30,0,0,9,4,0,30,24,6,0,2,30,0,18,23,3,10,1,20,11,0,6,9,0,11,8,5,1,32,3,2,1,19,0,0,40,16,4,7,2,6,5,0,4,29,0,3,1,29,1,31,26,33,40,0,0,3,28,35,0,2,7,20,29,17,19,14,40,37,26,32,40,6,0,23,25,35,22,17,2,9,1,2,4
23:06:09,5,0,12,30,32,23,27,2,19,30,19,6,25,19,13,4,22,30,0,0,9,4,0,30,24,6,1,2,30,1,18,23,3,9,1,20,11,0,6,9,0,11,8,5,1,33,2,2,1,19,0,0,40,16,4,7,2,6,5,0,4,29,0,3,1,29,1,31,26,33,40,0,0,4,28,35,1,2,7,20,29,17,19,14,40,37,26,32,40,6,0,23,25,35,22,17,2,9,1,1,3
23:08:08,5,0,12,30,33,25,28,2,19,30,19,5,25,22,13,4,22,30,0,0,9,4,0,30,24,6,1,2,29,1,17,22,3,9,0,20,11,0,6,8,0,11,8,5,1,33,1,2,1,19,0,0,40,16,4,7,2,6,5,0,4,29,0,3,1,29,0,31,26,33,40,0,0,4,28,35,0,2,7,20,30,17,19,14,40,37,26,33,40,7,0,23,25,35,22,18,2,9,1,1,2
23:10:08,5,0,12,30,33,25,28,2,19,30,19,5,25,22,13,4,22,30,0,0,9,4,0,30,24,6,1,2,29,1,17,22,3,9,0,20,11,0,6,8,0,11,8,5,1,33,1,2,1,19,0,0,40,16,4,7,2,6,5,0,4,29,0,3,1,29,0,31,26,33,40,0,0,4,28,35,0,2,7,20,30,17,19,14,40,37,26,33,40,7,0,23,25,35,22,18,2,9,1,1,2
23:12:09,5,0,12,30,33,25,29,2,19,30,19,3,25,22,13,4,21,30,1,0,9,4,0,30,25,6,1,2,29,1,17,23,3,9,1,20,11,1,6,6,0,11,8,5,1,33,0,2,1,19,0,0,40,16,4,7,2,6,5,1,5,29,0,3,1,29,0,31,25,34,40,0,1,4,27,36,0,2,7,20,30,17,19,14,40,37,27,33,40,7,0,23,25,35,22,17,2,9,1,1,2
23:14:09,5,0,12,30,33,26,29,2,19,30,19,3,25,22,13,4,21,29,1,0,9,4,0,30,26,5,1,1,29,1,17,23,2,9,1,20,10,1,6,4,0,11,8,4,1,33,0,2,1,19,0,0,40,16,4,7,2,6,5,1,5,30,0,3,1,29,0,31,24,34,40,0,1,4,26,36,0,3,7,20,30,17,19,14,40,37,27,33,40,7,0,23,25,35,22,19,2,9,1,1,2
23:16:08,5,0,12,30,33,26,29,2,19,30,19,3,25,22,13,4,21,29,1,0,9,4,0,30,26,5,1,1,29,1,17,23,2,9,1,20,10,1,6,4,0,11,8,4,1,33,0,2,1,19,0,0,40,16,4,7,2,6,5,1,5,30,0,3,1,29,0,31,24,34,40,0,1,4,26,36,0,3,7,20,30,17,19,14,40,37,27,33,40,7,0,23,25,35,22,19,2,9,1,1,2
23:18:09,5,0,12,30,33,27,30,2,19,30,19,3,25,22,13,4,21,29,1,1,9,4,1,29,26,5,1,1,29,1,17,23,2,9,1,20,10,1,6,3,0,11,8,4,2,31,0,2,0,19,0,0,40,16,4,7,2,6,5,1,5,30,0,3,1,28,0,31,24,34,40,0,1,4,26,36,0,3,7,20,30,17,19,15,40,37,27,33,40,7,0,23,25,35,22,19,2,9,1,1,2
23:20:09,5,0,12,30,34,27,30,2,19,30,19,3,25,21,13,4,23,29,1,1,9,4,1,29,26,5,1,0,29,2,17,23,2,9,2,20,10,1,6,2,0,11,8,4,2,31,0,2,0,19,0,0,40,16,4,7,2,6,5,1,5,30,0,3,0,28,0,31,24,34,40,0,1,4,26,37,0,3,7,21,30,16,19,15,40,37,27,33,40,7,0,23,25,35,22,19,2,9,1,1,0
23:22:08,5,0,12,30,34,27,30,2,19,30,19,3,25,21,13,4,23,29,1,1,9,4,1,29,26,5,1,0,29,2,17,23,2,9,2,20,10,1,6,2,0,11,8,4,2,31,0,2,0,19,0,0,40,16,4,7,2,6,5,1,5,30,0,3,0,28,0,31,24,34,40,0,1,4,26,37,0,3,7,21,30,16,19,15,40,37,27,33,40,7,0,23,25,35,22,19,2,9,1,1,0
23:24:08,5,0,12,29,36,27,29,2,18,30,19,3,25,21,13,4,23,28,1,1,9,4,1,29,26,5,1,2,29,2,17,23,2,9,2,20,10,1,6,2,0,11,8,3,2,31,1,2,0,19,0,0,40,16,4,7,2,6,5,1,5,30,0,3,0,28,0,31,24,34,40,0,1,3,26,37,2,3,7,21,30,16,19,15,39,37,27,33,40,7,0,24,25,35,22,19,2,9,1,1,0
23:26:09,5,0,12,29,36,27,29,2,18,30,19,3,25,21,13,4,23,28,1,1,9,4,1,29,26,5,1,2,29,2,17,23,2,9,2,20,10,1,6,2,0,11,8,3,2,31,1,2,0,19,0,0,40,16,4,7,2,6,5,1,5,30,0,3,0,28,0,31,24,34,40,0,1,3,26,37,2,3,7,21,30,16,19,15,39,37,27,33,40,7,0,24,25,35,22,19,2,9,1,1,0
23:28:09,5,0,12,29,36,27,29,2,18,30,19,2,25,21,14,4,23,28,1,1,9,4,1,29,26,5,0,2,28,0,17,23,2,9,2,20,10,1,6,0,0,11,8,3,1,29,1,2,0,19,0,0,40,16,4,7,2,5,5,1,5,30,0,3,0,28,0,31,24,35,40,0,1,3,25,37,2,3,7,21,29,16,19,15,40,37,27,33,40,7,0,25,25,36,22,20,2,9,1,2,0
23:30:08,5,0,12,29,36,27,29,2,18,31,19,2,25,18,14,4,24,28,2,1,9,3,1,28,26,5,0,2,27,0,17,23,2,9,2,20,10,1,6,0,0,11,8,3,1,29,1,2,0,18,0,0,40,15,5,7,2,5,5,1,5,30,0,3,0,28,0,30,24,35,40,0,1,3,25,37,2,3,7,21,30,16,19,15,40,37,27,33,40,7,0,25,25,36,22,18,3,9,1,2,0
23:32:09,5,0,12,29,36,27,29,2,18,31,19,2,25,18,14,4,24,28,2,1,9,3,1,28,26,5,0,2,27,0,17,23,2,9,2,20,10,1,6,0,0,11,8,3,1,29,1,2,0,18,0,0,40,15,5,7,2,5,5,1,5,30,0,3,0,28,0,30,24,35,40,0,1,3,25,37,2,3,7,21,30,16,19,15,40,37,27,33,40,7,0,25,25,36,22,18,3,9,1,2,0
23:34:09,5,0,12,29,36,27,29,2,18,31,19,4,25,18,14,4,25,28,2,1,9,3,0,28,27,5,0,2,27,0,17,23,2,9,2,20,10,0,6,0,0,11,7,2,1,29,1,2,0,18,0,0,40,15,5,7,2,5,5,1,5,30,0,3,0,28,0,30,24,35,40,0,1,3,25,37,2,3,7,21,30,16,19,15,40,37,27,33,40,7,0,25,25,36,22,17,3,9,1,2,0
23:36:08,5,0,12,29,35,28,29,2,18,31,19,4,25,17,14,4,26,29,2,1,9,3,0,28,27,5,0,1,26,0,17,23,2,9,2,20,9,0,5,0,0,11,6,2,1,33,1,2,0,18,0,0,40,15,5,7,2,5,5,1,6,30,0,3,0,28,0,30,24,35,40,0,1,3,26,37,1,3,7,21,30,15,19,15,40,37,27,33,40,7,0,25,25,36,22,16,3,9,1,2,0
23:38:09,5,0,12,29,35,28,29,2,18,31,19,4,25,17,14,4,26,29,2,1,9,3,0,28,27,5,0,1,26,0,17,23,2,9,2,20,9,0,5,0,0,11,6,2,1,33,1,2,0,18,0,0,40,15,5,7,2,5,5,1,6,30,0,3,0,28,0,30,24,35,40,0,1,3,26,37,1,3,7,21,30,15,19,15,40,37,27,33,40,7,0,25,25,36,22,16,3,9,1,2,0
23:40:09,5,0,12,29,35,28,29,2,18,31,19,4,25,19,15,4,26,29,2,1,10,3,0,28,27,5,0,1,26,0,17,23,2,9,2,20,9,0,5,1,0,11,6,2,1,33,1,2,0,18,0,0,40,15,5,7,3,5,5,1,7,30,0,3,0,28,0,30,24,35,40,0,1,3,26,37,1,3,7,22,30,16,19,15,40,37,27,33,40,7,0,25,25,36,22,17,4,9,1,2,0
23:42:09,6,0,12,29,35,28,29,2,18,31,19,4,25,19,16,4,26,29,2,1,10,3,0,28,27,5,0,1,26,0,17,23,2,9,2,20,9,0,5,1,0,11,6,2,1,33,1,2,0,18,0,0,40,15,5,7,3,5,5,1,7,30,0,3,0,28,0,30,24,35,40,0,1,3,26,37,1,3,7,22,30,16,19,15,40,37,27,34,40,7,0,25,25,36,22,17,4,9,1,2,0
23:44:08,6,0,12,29,35,28,29,2,18,31,19,4,25,19,16,4,26,29,2,1,10,3,0,28,27,5,0,1,26,0,17,23,2,9,2,20,9,0,5,1,0,11,6,2,1,33,1,2,0,18,0,0,40,15,5,7,3,5,5,1,7,30,0,3,0,28,0,30,24,35,40,0,1,3,26,37,1,3,7,22,30,16,19,15,40,37,27,34,40,7,0,25,25,36,22,17,4,9,1,2,0
23:46:08,6,0,12,29,35,28,29,2,18,31,19,4,25,19,16,4,26,29,2,1,10,3,0,28,27,5,0,1,26,0,17,23,2,10,2,20,9,0,5,1,0,11,6,2,1,33,1,2,0,18,0,0,40,15,5,7,3,5,5,1,7,31,0,3,0,29,0,30,24,35,40,0,1,3,26,37,1,3,7,22,30,16,19,15,40,37,27,34,40,7,0,25,25,36,22,18,4,9,1,2,0
23:48:09,6,0,12,29,35,28,29,2,18,31,19,4,25,19,16,4,26,29,2,1,10,3,0,28,27,5,0,1,26,0,17,23,2,10,2,20,9,0,5,1,0,11,6,2,1,33,1,2,0,18,0,0,40,15,7,7,3,5,5,1,7,31,0,3,0,29,0,30,24,35,40,0,1,3,26,37,1,3,7,22,30,16,19,15,40,37,27,34,40,7,0,25,25,36,22,18,4,9,1,2,0
23:50:09,6,0,12,29,35,28,29,2,18,31,19,4,25,19,16,4,26,29,2,1,10,3,0,28,27,5,0,1,26,0,17,23,2,10,2,20,9,0,5,1,0,11,6,2,1,33,1,2,0,18,0,0,40,15,7,7,3,5,5,1,7,31,0,3,0,29,0,30,24,35,40,0,1,3,26,37,1,3,7,22,30,16,19,15,40,37,27,34,40,7,0,25,25,36,22,18,4,9,1,2,0
23:52:08,6,0,12,29,35,28,29,2,18,31,19,4,25,19,16,4,26,29,2,1,10,3,0,28,27,5,0,1,26,0,17,23,2,10,2,20,9,0,5,1,0,11,6,2,1,33,1,2,0,18,0,0,40,15,7,7,3,5,5,1,7,31,0,3,0,29,0,30,24,35,40,0,1,3,26,37,1,3,7,22,30,16,19,15,40,38,27,34,40,7,0,25,25,37,22,18,4,9,1,2,0
23:54:08,6,0,12,29,35,28,29,2,18,31,19,4,25,19,16,4,26,29,2,1,11,3,0,29,27,5,0,1,26,0,17,23,2,10,2,20,9,0,5,1,0,11,6,2,1,33,1,2,0,18,0,0,40,15,7,7,3,5,5,1,7,31,0,3,0,29,0,30,24,35,40,0,1,3,26,37,1,3,7,22,30,16,19,15,40,38,27,35,40,7,0,25,25,37,22,18,4,9,1,2,0
23:56:09,6,0,12,29,35,28,29,2,18,31,19,4,25,19,16,4,26,29,2,1,11,3,0,29,27,5,0,1,26,0,17,23,2,10,2,20,9,0,5,1,0,11,6,2,1,33,1,2,0,18,0,0,40,15,7,7,3,5,5,1,7,31,0,3,0,29,0,30,24,35,40,0,1,3,26,37,1,3,7,22,30,16,19,15,40,38,27,35,40,7,0,25,25,37,22,18,4,9,1,2,0
23:58:09,6,0,12,29,35,28,29,2,18,31,19,4,25,19,16,4,26,29,2,1,11,3,0,29,27,5,0,1,26,0,17,23,2,10,2,20,9,0,5,1,0,11,6,2,1,33,1,2,0,18,0,0,40,15,7,7,3,5,5,1,7,31,0,3,0,29,0,30,24,35,40,0,1,3,26,37,1,3,7,22,30,16,19,15,40,38,27,35,40,7,0,25,25,37,22,18,4,9,1,2,0
